2022-05-22 00:21:13.206,0.000,0.000,0.000,0.00,0.00,0.00,0.00,0.00,0.00,0.00,0.00,0.000,0,061805.20,4000.00201270,N,11619.59615081,E,1,12,1.2,40.3149,M,-9.2908,M,,*43,1,12096.3,-28806.8,43939.8,12602.4,-28894.3,43352.3,12088.3,-28744.3,43687.7,12944.3,-28507.7,43689.3,1,0.24,15.90,1
2022-05-22 00:21:13.409,0.000,0.000,0.000,0.00,0.00,0.00,0.00,0.00,0.00,0.00,0.00,0.000,0,061805.40,4000.00150814,N,11619.59595518,E,1,11,1.5,41.5104,M,-9.2908,M,,*4E,1,12049.8,-28951.6,43701.0,13136.3,-29028.6,43114.9,12624.9,-28890.4,43448.5,13479.4,-28644.0,43444.3,1,0.24,15.90,1
2022-05-22 00:21:13.612,0.000,0.000,0.000,0.00,0.00,0.00,0.00,0.00,0.00,0.00,0.00,0.000,0,061805.60,4000.00205442,N,11619.59614950,E,1,11,1.2,39.8843,M,-9.2908,M,,*45,1,12589.3,-28865.4,43655.6,13491.2,-28940.4,43069.5,12982.6,-28809.2,43401.1,13836.1,-28556.8,43395.0,1,0.24,15.90,1
2022-05-22 00:21:13.815,0.000,0.000,0.000,0.00,0.00,0.00,0.00,0.00,0.00,0.00,0.00,0.000,0,061805.80,4000.00212447,N,11619.59616956,E,1,11,1.2,39.4169,M,-9.2908,M,,*41,1,12948.6,-28741.9,43621.2,13879.1,-28814.1,43038.7,13373.4,-28691.3,43365.8,14225.1,-28431.2,43359.4,1,0.24,15.90,1
2022-05-22 00:21:14.012,0.000,0.000,0.000,0.00,0.00,0.00,0.00,0.00,0.00,0.00,0.00,0.000,0,061806.00,4000.00170567,N,11619.59626363,E,1,12,1.1,39.3120,M,-9.2908,M,,*4B,1,13341.3,-28782.3,43518.2,14133.3,-28851.3,42935.6,13630.1,-28734.5,43262.1,14480.8,-28469.6,43253.9,1,0.24,15.90,1
2022-05-22 00:21:14.214,0.000,0.000,0.000,0.00,0.00,0.00,0.00,0.00,0.00,0.00,0.00,0.000,0,061806.20,4000.00210055,N,11619.59657182,E,1,11,1.2,39.9119,M,-9.2908,M,,*43,1,13599.2,-29030.6,43427.8,13883.7,-29100.7,42844.4,13379.6,-28978.8,43172.7,14232.3,-28719.4,43164.4,1,0.24,15.90,1
2022-05-22 00:21:14.418,0.000,0.000,0.000,0.00,0.00,0.00,0.00,0.00,0.00,0.00,0.00,0.000,0,061806.40,4000.00209451,N,11619.59674281,E,1,11,1.2,40.7409,M,-9.2908,M,,*48,1,13346.4,-29491.5,43343.2,13122.1,-29563.2,42755.4,12612.8,-29425.8,43091.7,13468.3,-29182.6,43085.5,1,0.24,15.90,1
2022-05-22 00:21:14.605,0.000,0.000,0.000,0.00,0.00,0.00,0.00,0.00,0.00,0.00,0.00,0.000,0,061806.60,4000.00207273,N,11619.59677142,E,1,11,1.2,41.0982,M,-9.2908,M,,*45,1,12575.1,-29790.6,43290.2,12590.4,-29863.7,42700.0,12076.6,-29715.0,43041.4,12934.1,-29482.6,43036.1,1,0.24,15.90,1
2022-05-22 00:21:14.808,0.000,0.000,0.000,0.00,0.00,0.00,0.00,0.00,0.00,0.00,0.00,0.000,0,061806.80,4000.00204586,N,11619.59680733,E,1,11,1.2,41.2800,M,-9.2908,M,,*44,1,12036.5,-29767.6,43554.1,11652.1,-29850.6,42964.9,11131.4,-29679.6,43310.1,11992.3,-29466.2,43309.4,1,0.24,15.90,1
2022-05-22 00:21:15.018,0.000,0.000,0.000,0.00,0.00,0.00,0.00,0.00,0.00,0.00,0.00,0.000,0,061807.00,4000.00200548,N,11619.59684987,E,1,11,1.2,41.4273,M,-9.2908,M,,*46,1,11088.2,-29586.7,43781.8,11227.2,-29674.9,43193.1,10705.3,-29490.2,43539.4,11565.6,-29280.0,43545.7,1,0.24,15.90,1
2022-05-22 00:21:15.205,0.000,0.000,0.000,0.00,0.00,0.00,0.00,0.00,0.00,0.00,0.00,0.000,0,061807.20,4000.00193376,N,11619.59685757,E,1,11,1.2,41.5262,M,-9.2908,M,,*45,1,10661.7,-27538.4,45270.6,10361.9,-27665.0,44704.1,9837.7,-27450.4,45033.0,10695.3,-27261.2,45049.6,1,0.24,15.90,1
2022-05-22 00:21:15.408,0.000,0.000,0.000,0.00,0.00,0.00,0.00,0.00,0.00,0.00,0.00,0.000,0,061807.40,4000.00189183,N,11619.59685070,E,1,11,1.2,41.5624,M,-9.2908,M,,*44,1,9794.2,-26824.5,45880.6,9478.8,-26961.2,45329.9,8946.6,-26722.0,45658.4,9804.5,-26537.5,45681.6,1,0.24,15.90,1
2022-05-22 00:21:15.612,0.000,0.000,0.000,0.00,0.00,0.00,0.00,0.00,0.00,0.00,0.00,0.000,0,061807.60,4000.00184554,N,11619.59688317,E,1,11,1.2,41.5602,M,-9.2908,M,,*4E,1,8902.9,-26777.2,45921.4,9454.8,-26913.0,45385.4,8920.6,-26669.2,45717.2,9764.7,-26475.6,45733.2,1,0.25,15.91,1
2022-05-22 00:21:15.815,0.000,0.000,0.000,0.00,0.00,0.00,0.00,0.00,0.00,0.00,0.00,0.000,0,061807.80,4000.00178881,N,11619.59690744,E,1,11,1.2,41.5528,M,-9.2908,M,,*46,1,8877.0,-25976.1,46188.8,10388.5,-26121.1,45667.9,9863.6,-25895.1,45999.0,10700.7,-25680.1,46001.2,1,0.25,15.91,1
2022-05-22 00:21:16.018,0.000,0.000,0.000,0.00,0.00,0.00,0.00,0.00,0.00,0.00,0.00,0.000,0,061808.00,4000.00174463,N,11619.59688560,E,1,11,1.2,41.5604,M,-9.2908,M,,*4D,1,9821.7,-27286.1,45450.1,10255.8,-27419.5,44919.9,9729.5,-27205.0,45266.0,10559.4,-26972.5,45273.8,1,0.25,15.91,1
2022-05-22 00:21:16.205,0.000,0.000,0.000,0.00,0.00,0.00,0.00,0.00,0.00,0.00,0.00,0.000,0,061808.20,4000.00167352,N,11619.59690821,E,1,11,1.2,41.6062,M,-9.2908,M,,*4C,1,9676.8,-27572.9,45551.5,8772.5,-27721.4,45012.9,8237.9,-27481.0,45370.7,9083.0,-27277.2,45383.4,1,0.25,15.91,1
2022-05-22 00:21:16.408,0.000,0.000,0.000,0.00,0.00,0.00,0.00,0.00,0.00,0.00,0.00,0.000,0,061808.40,4000.00162779,N,11619.59693413,E,1,11,1.2,41.6542,M,-9.2908,M,,*4B,1,8174.2,-27532.2,45359.1,9908.3,-27663.5,44816.3,9384.5,-27454.3,45167.6,10221.4,-27224.1,45184.3,1,0.25,15.91,1
2022-05-22 00:21:16.611,0.000,0.000,0.000,0.00,0.00,0.00,0.00,0.00,0.00,0.00,0.00,0.000,0,061808.60,4000.00158426,N,11619.59694647,E,1,11,1.2,41.7176,M,-9.2908,M,,*4F,1,9320.4,-28250.5,44791.2,10531.5,-28360.4,44238.2,10016.3,-28171.4,44591.6,10846.1,-27932.8,44606.1,1,0.24,15.91,1
2022-05-22 00:21:16.814,0.000,0.000,0.000,0.00,0.00,0.00,0.00,0.00,0.00,0.00,0.00,0.000,0,061808.80,4000.00151079,N,11619.59700041,E,1,12,1.2,41.8005,M,-9.2908,M,,*43,1,9948.8,-27440.1,45385.2,10059.6,-27565.1,44842.6,9544.3,-27362.1,45188.2,10404.5,-27134.1,45201.3,1,0.24,15.91,1
2022-05-22 00:21:17.017,0.000,0.000,0.000,0.00,0.00,0.00,0.00,0.00,0.00,0.00,0.00,0.000,0,061809.00,4000.00146732,N,11619.59702373,E,1,12,1.2,41.8672,M,-9.2908,M,,*42,1,9475.7,-27231.5,45512.3,10042.6,-27356.6,44975.6,9530.5,-27154.4,45313.7,10377.3,-26928.1,45333.7,1,0.24,15.91,1
2022-05-22 00:21:17.205,0.000,0.000,0.000,0.00,0.00,0.00,0.00,0.00,0.00,0.00,0.00,0.000,0,061809.20,4000.00142061,N,11619.59701454,E,1,11,1.2,41.9089,M,-9.2908,M,,*44,1,9460.7,-28389.5,44921.3,9470.0,-28504.9,44378.1,8953.3,-28293.6,44722.5,9805.1,-28076.5,44746.2,1,0.24,15.91,1
2022-05-22 00:21:17.408,0.000,0.000,0.000,0.00,0.00,0.00,0.00,0.00,0.00,0.00,0.00,0.000,0,061809.40,4000.00133079,N,11619.59705789,E,1,11,1.2,42.0161,M,-9.2908,M,,*47,1,8881.1,-27423.3,45687.2,8426.6,-27568.0,45155.1,7906.4,-27326.5,45492.7,8777.5,-27129.0,45524.1,1,0.24,15.91,1
2022-05-22 00:21:17.618,0.000,0.000,0.000,0.00,0.00,0.00,0.00,0.00,0.00,0.00,0.00,0.000,0,061809.60,4000.00128369,N,11619.59713517,E,1,11,1.2,42.1502,M,-9.2908,M,,*4F,1,7834.1,-25732.3,46384.0,9888.0,-25892.7,45869.8,9379.5,-25669.6,46184.2,10228.4,-25439.8,46220.1,1,0.24,15.91,1
2022-05-22 00:21:17.806,0.000,0.000,0.000,0.00,0.00,0.00,0.00,0.00,0.00,0.00,0.00,0.000,0,061809.80,4000.00123974,N,11619.59717149,E,1,11,1.2,42.2985,M,-9.2908,M,,*47,1,9322.2,-26459.2,45632.2,11528.0,-26598.9,45109.6,11021.2,-26408.4,45421.1,11856.2,-26151.1,45449.3,1,0.24,15.91,1
2022-05-22 00:21:18.009,0.000,0.000,0.000,0.00,0.00,0.00,0.00,0.00,0.00,0.00,0.00,0.000,0,061810.00,4000.00117725,N,11619.59717398,E,1,11,1.2,42.3613,M,-9.2908,M,,*45,1,10975.1,-27020.5,45404.3,11132.6,-27161.1,44872.4,10612.6,-26961.3,45192.0,11459.0,-26712.1,45219.4,1,0.24,15.91,1
2022-05-22 00:21:18.212,0.000,0.000,0.000,0.00,0.00,0.00,0.00,0.00,0.00,0.00,0.00,0.000,0,061810.20,4000.00111271,N,11619.59721199,E,1,11,1.2,42.4220,M,-9.2908,M,,*40,1,10568.5,-26652.6,45834.9,10137.9,-26814.7,45304.1,9607.4,-26589.3,45624.2,10467.7,-26366.4,45651.1,1,0.24,15.91,1
2022-05-22 00:21:18.415,0.000,0.000,0.000,0.00,0.00,0.00,0.00,0.00,0.00,0.00,0.00,0.000,0,061810.40,4000.00108053,N,11619.59721095,E,1,11,1.2,42.4103,M,-9.2908,M,,*43,1,9563.4,-27256.0,45516.3,10010.3,-27411.3,44978.9,9470.5,-27184.3,45305.2,10342.4,-26956.1,45334.9,1,0.24,15.91,1
2022-05-22 00:21:18.603,0.000,0.000,0.000,0.00,0.00,0.00,0.00,0.00,0.00,0.00,0.00,0.000,0,061810.60,4000.00103203,N,11619.59719479,E,1,11,1.2,42.4316,M,-9.2908,M,,*46,1,9430.8,-27740.1,45352.7,9409.8,-27896.4,44807.5,8859.5,-27657.4,45143.9,9738.0,-27446.9,45167.0,1,0.25,15.90,1
2022-05-22 00:21:18.806,0.000,0.000,0.000,0.00,0.00,0.00,0.00,0.00,0.00,0.00,0.00,0.000,0,061810.80,4000.00096801,N,11619.59720670,E,1,11,1.2,42.4413,M,-9.2908,M,,*4E,1,8818.2,-26591.2,45916.3,10028.8,-26756.4,45378.9,9477.3,-26530.1,45708.8,10333.8,-26316.3,45726.1,1,0.25,15.90,1
2022-05-22 00:21:19.009,0.000,0.000,0.000,0.00,0.00,0.00,0.00,0.00,0.00,0.00,0.00,0.000,0,061811.00,4000.00094304,N,11619.59721591,E,1,11,1.2,42.4824,M,-9.2908,M,,*4E,1,9439.1,-27147.7,45356.2,11167.9,-27289.0,44811.9,10621.1,-27099.7,45141.3,11465.5,-26853.5,45157.9,1,0.25,15.90,1
2022-05-22 00:21:19.212,0.000,0.000,0.000,0.00,0.00,0.00,0.00,0.00,0.00,0.00,0.00,0.000,0,061811.20,4000.00091953,N,11619.59721967,E,1,11,1.2,42.4824,M,-9.2908,M,,*44,1,10579.7,-27351.7,45123.8,11674.7,-27482.0,44575.3,11128.5,-27310.4,44902.0,11973.0,-27055.5,44916.1,1,0.25,15.90,1
2022-05-22 00:21:19.400,0.000,0.000,0.000,0.00,0.00,0.00,0.00,0.00,0.00,0.00,0.00,0.000,0,061811.40,4000.00088202,N,11619.59722788,E,1,11,1.2,42.4800,M,-9.2908,M,,*4F,1,11085.6,-27290.3,45362.2,10814.3,-27433.5,44809.6,10262.1,-27244.2,45138.2,11129.7,-27003.7,45156.6,1,0.25,15.90,1
2022-05-22 00:21:19.618,0.000,0.000,0.000,0.00,0.00,0.00,0.00,0.00,0.00,0.00,0.00,0.000,0,061811.60,4000.00087838,N,11619.59720280,E,1,11,1.2,42.4625,M,-9.2908,M,,*47,1,10215.6,-27769.0,45227.2,10103.2,-27917.8,44661.2,9547.7,-27713.3,44999.4,10420.5,-27493.6,45019.7,1,0.24,15.91,1
2022-05-22 00:21:19.806,0.000,0.000,0.000,0.00,0.00,0.00,0.00,0.00,0.00,0.00,0.00,0.000,0,061811.80,4000.00086939,N,11619.59714746,E,1,11,1.2,42.4810,M,-9.2908,M,,*48,1,9499.0,-28444.1,45141.0,8328.8,-28603.4,44569.6,7763.8,-28357.8,44918.3,8645.8,-28172.4,44949.7,1,0.24,15.91,1
2022-05-22 00:21:20.009,0.000,0.000,0.000,0.00,0.00,0.00,0.00,0.00,0.00,0.00,0.00,0.000,0,061812.00,4000.00086287,N,11619.59711201,E,1,11,1.2,42.5043,M,-9.2908,M,,*41,1,7710.1,-28229.8,45369.1,7672.4,-28406.2,44799.7,7108.7,-28140.6,45148.5,7989.7,-27973.0,45186.1,1,0.24,15.91,1
2022-05-22 00:21:20.212,0.000,0.000,0.000,0.00,0.00,0.00,0.00,0.00,0.00,0.00,0.00,0.000,0,061812.20,4000.00086581,N,11619.59707409,E,1,11,1.2,42.4921,M,-9.2908,M,,*47,1,7053.2,-27772.5,45348.7,9407.8,-27940.2,44785.7,8856.0,-27710.9,45120.0,9722.0,-27508.8,45159.1,1,0.24,15.91,1
2022-05-22 00:21:20.399,0.000,0.000,0.000,0.00,0.00,0.00,0.00,0.00,0.00,0.00,0.00,0.000,0,061812.40,4000.00086936,N,11619.59704488,E,1,11,1.2,42.4795,M,-9.2908,M,,*4A,1,8806.6,-27279.1,45256.9,11252.8,-27435.5,44699.9,10711.7,-27247.8,45020.3,11556.3,-27009.2,45056.2,1,0.24,15.91,1
2022-05-22 00:21:20.602,0.000,0.000,0.000,0.00,0.00,0.00,0.00,0.00,0.00,0.00,0.00,0.000,0,061812.60,4000.00085152,N,11619.59702837,E,1,11,1.2,42.5100,M,-9.2908,M,,*44,1,10668.6,-27052.4,45460.9,10931.7,-27220.7,44907.8,10385.9,-27024.2,45226.7,11248.9,-26783.4,45268.9,1,0.24,15.90,1
2022-05-22 00:21:20.805,0.000,0.000,0.000,0.00,0.00,0.00,0.00,0.00,0.00,0.00,0.00,0.000,0,061812.80,4000.00084663,N,11619.59696202,E,1,11,1.2,42.5004,M,-9.2908,M,,*4B,1,10343.5,-27578.5,45569.3,8784.5,-27771.7,45012.6,8223.4,-27525.4,45345.6,9122.9,-27321.9,45395.5,1,0.24,15.90,1
2022-05-22 00:21:21.008,0.000,0.000,0.000,0.00,0.00,0.00,0.00,0.00,0.00,0.00,0.00,0.000,0,061813.00,4000.00083794,N,11619.59693210,E,1,11,1.2,42.4996,M,-9.2908,M,,*49,1,8173.8,-27060.3,45995.1,8077.3,-27271.8,45447.9,7507.4,-27007.9,45778.2,8394.3,-26820.1,45834.4,1,0.24,15.90,1
2022-05-22 00:21:21.211,0.000,0.000,0.000,0.00,0.00,0.00,0.00,0.00,0.00,0.00,0.00,0.000,0,061813.20,4000.00084691,N,11619.59687817,E,1,11,1.2,42.4897,M,-9.2908,M,,*40,1,7460.6,-28346.4,45118.4,8730.6,-28528.7,44549.5,8166.8,-28291.1,44888.6,9027.3,-28083.7,44948.7,1,0.24,15.90,1
2022-05-22 00:21:21.414,0.000,0.000,0.000,0.00,0.00,0.00,0.00,0.00,0.00,0.00,0.00,0.000,0,061813.40,4000.00084369,N,11619.59684607,E,1,11,1.2,42.4689,M,-9.2908,M,,*49,1,8115.7,-28092.9,45069.1,9807.9,-28267.5,44502.6,9250.5,-28061.7,44834.4,10100.5,-27832.1,44892.1,1,0.24,15.90,1
2022-05-22 00:21:21.612,0.000,0.000,0.000,0.00,0.00,0.00,0.00,0.00,0.00,0.00,0.00,0.000,0,061813.60,4000.00083445,N,11619.59684274,E,1,11,1.2,42.4355,M,-9.2908,M,,*41,1,9197.8,-26670.8,45931.6,9672.4,-26876.0,45390.3,9111.0,-26664.3,45714.7,9949.6,-26432.1,45774.9,1,0.25,15.91,1
2022-05-22 00:21:21.815,0.000,0.000,0.000,0.00,0.00,0.00,0.00,0.00,0.00,0.00,0.00,0.000,0,061813.80,4000.00086249,N,11619.59682712,E,1,11,1.2,42.4476,M,-9.2908,M,,*45,1,9057.9,-27166.2,45949.7,7932.8,-27385.3,45409.1,7355.6,-27132.2,45747.0,8232.7,-26922.2,45812.5,1,0.25,15.91,1
2022-05-22 00:21:22.003,0.000,0.000,0.000,0.00,0.00,0.00,0.00,0.00,0.00,0.00,0.00,0.000,0,061814.00,4000.00090998,N,11619.59682476,E,1,11,1.2,42.4516,M,-9.2908,M,,*4C,1,7300.5,-29298.6,44740.1,7299.2,-29499.0,44180.2,6712.8,-29234.7,44536.6,7601.6,-29040.0,44597.3,1,0.25,15.91,1
2022-05-22 00:21:22.206,0.000,0.000,0.000,0.00,0.00,0.00,0.00,0.00,0.00,0.00,0.00,0.000,0,061814.20,4000.00091317,N,11619.59682383,E,1,11,1.2,42.4384,M,-9.2908,M,,*42,1,6658.8,-29210.2,44748.2,7702.1,-29415.8,44200.4,7107.2,-29154.6,44555.8,7990.0,-28954.3,44602.6,1,0.25,15.91,1
2022-05-22 00:21:22.409,0.000,0.000,0.000,0.00,0.00,0.00,0.00,0.00,0.00,0.00,0.00,0.000,0,061814.40,4000.00092984,N,11619.59679919,E,1,11,1.2,42.4447,M,-9.2908,M,,*42,1,7062.5,-29202.4,44822.7,7334.4,-29415.7,44285.2,6730.0,-29141.5,44641.8,7615.3,-28937.2,44690.1,1,0.25,15.91,1
2022-05-22 00:21:22.612,0.000,0.000,0.000,0.00,0.00,0.00,0.00,0.00,0.00,0.00,0.00,0.000,0,061814.60,4000.00096764,N,11619.59679150,E,1,11,1.2,42.4694,M,-9.2908,M,,*4D,1,6689.5,-29978.6,44320.3,7375.9,-30189.5,43784.1,6763.0,-29910.1,44143.9,7651.1,-29697.8,44189.5,1,0.24,15.90,1
2022-05-22 00:21:22.817,0.000,0.000,0.000,0.00,0.00,0.00,0.00,0.00,0.00,0.00,0.00,0.000,0,061814.80,4000.00098930,N,11619.59681503,E,1,12,1.2,42.4601,M,-9.2908,M,,*48,1,6728.9,-29145.8,44832.7,7766.4,-29387.1,44324.4,7141.3,-29089.0,44668.9,8070.7,-28862.1,44702.1,1,0.24,15.90,1
2022-05-22 00:21:23.005,0.000,0.000,0.000,0.00,0.00,0.00,0.00,0.00,0.00,0.00,0.00,0.000,0,061815.00,4000.00101842,N,11619.59681428,E,1,12,1.2,42.4547,M,-9.2908,M,,*4D,1,7127.9,-29469.3,44631.0,7901.2,-29719.6,44143.4,7268.7,-29402.5,44475.0,8205.8,-29162.8,44509.1,1,0.24,15.90,1
2022-05-22 00:21:23.208,0.000,0.000,0.000,0.00,0.00,0.00,0.00,0.00,0.00,0.00,0.00,0.000,0,061815.20,4000.00104925,N,11619.59679684,E,1,12,1.2,42.4605,M,-9.2908,M,,*4C,1,7270.6,-29946.5,44409.6,7549.8,-30229.1,43961.3,6900.8,-29865.7,44267.9,7856.2,-29625.6,44295.7,1,0.24,15.90,1
2022-05-22 00:21:23.411,0.000,0.000,0.000,0.00,0.00,0.00,0.00,0.00,0.00,0.00,0.00,0.000,0,061815.40,4000.00105945,N,11619.59677792,E,1,12,1.2,42.4154,M,-9.2908,M,,*46,1,6926.2,-28993.0,45107.1,7400.0,-29312.4,44746.2,6736.6,-28898.4,44985.6,7723.1,-28654.9,45000.2,1,0.24,15.90,1
2022-05-22 00:21:23.614,0.000,0.000,0.000,0.00,0.00,0.00,0.00,0.00,0.00,0.00,0.00,0.000,0,061815.60,4000.00109003,N,11619.59674450,E,1,11,1.2,42.4077,M,-9.2908,M,,*4E,1,6791.5,-29905.3,44593.5,6990.5,-30234.1,44259.3,6346.0,-29779.5,44467.9,7345.7,-29538.5,44498.1,1,0.25,15.90,1
2022-05-22 00:21:23.817,0.000,0.000,0.000,0.00,0.00,0.00,0.00,0.00,0.00,0.00,0.00,0.000,0,061815.80,4000.00112232,N,11619.59671753,E,1,11,1.2,42.3956,M,-9.2908,M,,*42,1,6408.4,-30214.3,44417.3,6952.7,-30541.7,44140.2,6353.0,-30051.6,44283.1,7370.4,-29826.3,44318.6,1,0.25,15.90,1
2022-05-22 00:21:24.005,0.000,0.000,0.000,0.00,0.00,0.00,0.00,0.00,0.00,0.00,0.00,0.000,0,061816.00,4000.00113511,N,11619.59672725,E,1,12,1.2,42.3814,M,-9.2908,M,,*48,1,6421.0,-28947.9,45216.6,7376.9,-29228.6,45039.2,6842.6,-28749.7,45067.0,7864.0,-28539.0,45102.0,1,0.25,15.90,1
2022-05-22 00:21:24.208,0.000,0.000,0.000,0.00,0.00,0.00,0.00,0.00,0.00,0.00,0.00,0.000,0,061816.20,4000.00116662,N,11619.59673153,E,1,12,1.2,42.3566,M,-9.2908,M,,*46,1,6907.0,-29171.6,45027.7,7792.5,-29376.2,44876.1,7295.6,-28945.8,44857.9,8336.3,-28733.6,44894.5,1,0.25,15.90,1
2022-05-22 00:21:24.410,0.000,0.000,0.000,0.00,0.00,0.00,0.00,0.00,0.00,0.00,0.00,0.000,0,061816.40,4000.00121076,N,11619.59672868,E,1,12,1.2,42.3647,M,-9.2908,M,,*47,1,7340.8,-30329.8,44274.1,7928.0,-30428.0,44130.8,7438.9,-30063.6,44077.9,8496.8,-29858.5,44108.6,1,0.25,15.90,1
2022-05-22 00:21:24.609,0.000,0.000,0.000,0.00,0.00,0.00,0.00,0.00,0.00,0.00,0.00,0.000,0,061816.60,4000.00122289,N,11619.59672126,E,1,12,1.2,42.3231,M,-9.2908,M,,*42,1,7458.7,-29292.0,44977.7,8101.3,-29238.8,44842.2,7604.7,-28996.6,44721.0,8663.2,-28824.1,44747.9,1,0.24,15.91,1
2022-05-22 00:21:24.816,0.000,0.000,0.000,0.00,0.00,0.00,0.00,0.00,0.00,0.00,0.00,0.000,0,061816.80,4000.00124156,N,11619.59670498,E,1,12,1.2,42.3236,M,-9.2908,M,,*4E,1,7564.0,-28263.2,45535.1,8463.4,-28154.3,45303.1,7952.9,-27997.0,45233.5,8959.1,-27835.1,45277.2,1,0.24,15.91,1
2022-05-22 00:21:25.004,0.000,0.000,0.000,0.00,0.00,0.00,0.00,0.00,0.00,0.00,0.00,0.000,0,061817.00,4000.00128020,N,11619.59667727,E,1,12,1.2,42.3140,M,-9.2908,M,,*48,1,7855.1,-29260.0,44916.0,7970.6,-29151.4,44614.5,7491.0,-29006.8,44606.3,8488.4,-28846.2,44670.6,1,0.24,15.91,1
2022-05-22 00:21:25.207,0.000,0.000,0.000,0.00,0.00,0.00,0.00,0.00,0.00,0.00,0.00,0.000,0,061817.20,4000.00129846,N,11619.59669326,E,1,12,1.2,42.3251,M,-9.2908,M,,*4B,1,7356.2,-28478.4,45280.2,8423.8,-28376.6,44899.5,7932.1,-28274.4,44955.9,8894.0,-28116.1,45022.8,1,0.24,15.91,1
2022-05-22 00:21:25.410,0.000,0.000,0.000,0.00,0.00,0.00,0.00,0.00,0.00,0.00,0.00,0.000,0,061817.40,4000.00131808,N,11619.59669780,E,1,12,1.2,42.2773,M,-9.2908,M,,*42,1,7768.6,-28366.0,45191.0,9183.3,-28261.5,44757.1,8672.9,-28199.0,44847.7,9622.4,-28025.0,44914.2,1,0.24,15.91,1
2022-05-22 00:21:25.613,0.000,0.000,0.000,0.00,0.00,0.00,0.00,0.00,0.00,0.00,0.00,0.000,0,061817.60,4000.00134317,N,11619.59667957,E,1,12,1.2,42.2636,M,-9.2908,M,,*4A,1,8491.9,-29058.7,44833.8,8573.3,-28982.2,44339.1,8032.9,-28909.2,44488.9,8963.9,-28733.6,44568.0,1,0.24,15.91,1
2022-05-22 00:21:25.811,0.000,0.000,0.000,0.00,0.00,0.00,0.00,0.00,0.00,0.00,0.00,0.000,0,061817.80,4000.00136592,N,11619.59667342,E,1,11,1.2,42.2368,M,-9.2908,M,,*4E,1,7841.7,-28824.4,45069.2,7637.3,-28820.8,44517.5,7069.9,-28720.4,44736.1,8002.5,-28556.4,44821.0,1,0.24,15.91,1
2022-05-22 00:21:26.014,0.000,0.000,0.000,0.00,0.00,0.00,0.00,0.00,0.00,0.00,0.00,0.000,0,061818.00,4000.00138300,N,11619.59666253,E,1,11,1.2,42.1953,M,-9.2908,M,,*4B,1,6864.6,-27366.0,45797.8,8380.4,-27444.8,45225.0,7791.4,-27324.9,45490.3,8674.8,-27142.3,45569.0,1,0.24,15.91,1
2022-05-22 00:21:26.217,0.000,0.000,0.000,0.00,0.00,0.00,0.00,0.00,0.00,0.00,0.00,0.000,0,061818.20,4000.00143558,N,11619.59661329,E,1,11,1.2,42.1580,M,-9.2908,M,,*47,1,7608.9,-28560.6,45063.2,8216.3,-28655.3,44483.4,7628.8,-28513.9,44780.5,8500.3,-28321.3,44855.3,1,0.24,15.91,1
2022-05-22 00:21:26.405,0.000,0.000,0.000,0.00,0.00,0.00,0.00,0.00,0.00,0.00,0.00,0.000,0,061818.40,4000.00146216,N,11619.59660944,E,1,12,1.2,42.1511,M,-9.2908,M,,*42,1,7461.1,-28414.6,45154.7,8006.6,-28554.9,44586.4,7417.1,-28375.6,44908.2,8284.1,-28175.3,44973.5,1,0.24,15.91,1
2022-05-22 00:21:26.608,0.000,0.000,0.000,0.00,0.00,0.00,0.00,0.00,0.00,0.00,0.00,0.000,0,061818.60,4000.00147338,N,11619.59664409,E,1,11,1.2,42.1716,M,-9.2908,M,,*4A,1,7274.9,-26872.8,45932.1,8860.8,-27053.7,45389.8,8276.5,-26858.8,45712.8,9139.1,-26642.8,45759.1,1,0.24,15.91,1
2022-05-22 00:21:26.811,0.000,0.000,0.000,0.00,0.00,0.00,0.00,0.00,0.00,0.00,0.00,0.000,0,061818.80,4000.00151428,N,11619.59663728,E,1,11,1.2,42.1666,M,-9.2908,M,,*44,1,8168.6,-27955.8,45193.4,9409.2,-28122.9,44641.9,8829.6,-27932.5,44975.1,9687.1,-27696.6,45019.2,1,0.24,15.91,1
2022-05-22 00:21:27.014,0.000,0.000,0.000,0.00,0.00,0.00,0.00,0.00,0.00,0.00,0.00,0.000,0,061819.00,4000.00155654,N,11619.59663046,E,1,11,1.2,42.1953,M,-9.2908,M,,*46,1,8736.9,-29283.4,44478.2,8791.2,-29440.9,43921.0,8212.2,-29228.5,44269.4,9098.0,-29010.7,44298.4,1,0.24,15.91,1
2022-05-22 00:21:27.217,0.000,0.000,0.000,0.00,0.00,0.00,0.00,0.00,0.00,0.00,0.00,0.000,0,061819.20,4000.00157269,N,11619.59664886,E,1,11,1.2,42.1805,M,-9.2908,M,,*4D,1,8130.0,-28545.8,44849.0,9410.1,-28701.5,44307.6,8839.6,-28488.7,44650.5,9700.6,-28271.9,44665.1,1,0.24,15.91,1
2022-05-22 00:21:27.404,0.000,0.000,0.000,0.00,0.00,0.00,0.00,0.00,0.00,0.00,0.00,0.000,0,061819.40,4000.00161116,N,11619.59661621,E,1,11,1.2,42.1551,M,-9.2908,M,,*4F,1,8774.0,-29342.2,44206.3,10101.1,-29471.1,43659.3,9540.9,-29273.7,44007.4,10408.7,-29039.6,44014.6,1,0.24,15.99,1
2022-05-22 00:21:27.610,0.000,0.000,0.000,0.00,0.00,0.00,0.00,0.00,0.00,0.00,0.00,0.000,0,061819.60,4000.00166470,N,11619.59655969,E,1,11,1.2,42.1290,M,-9.2908,M,,*41,1,9480.0,-30733.6,43466.1,9141.7,-30845.3,42912.2,8578.9,-30626.3,43274.5,9413.1,-30422.3,43277.9,1,0.24,15.99,1
2022-05-22 00:21:27.813,0.000,0.000,0.000,0.00,0.00,0.00,0.00,0.00,0.00,0.00,0.00,0.000,0,061819.80,4000.00166796,N,11619.59660106,E,1,12,1.2,42.1374,M,-9.2908,M,,*4B,1,8516.0,-28994.1,44751.3,8525.3,-29129.6,44218.3,7960.6,-28875.6,44564.8,8828.8,-28698.8,44559.8,1,0.24,15.99,1
2022-05-22 00:21:28.017,0.000,0.000,0.000,0.00,0.00,0.00,0.00,0.00,0.00,0.00,0.00,0.000,0,061820.00,4000.00166580,N,11619.59664147,E,1,11,1.2,42.1157,M,-9.2908,M,,*4D,1,7909.7,-26311.2,46105.9,9989.1,-26458.2,45592.4,9436.4,-26222.8,45904.6,10304.2,-26013.5,45914.3,1,0.24,15.99,1
2022-05-22 00:21:28.204,0.000,0.000,0.000,0.00,0.00,0.00,0.00,0.00,0.00,0.00,0.00,0.000,0,061820.20,4000.00168920,N,11619.59659258,E,1,11,1.2,42.1103,M,-9.2908,M,,*45,1,9402.8,-26015.2,46347.2,9597.2,-26169.4,45832.0,9046.3,-25923.6,46136.6,9933.6,-25721.0,46154.3,1,0.24,15.99,1
2022-05-22 00:21:28.407,0.000,0.000,0.000,0.00,0.00,0.00,0.00,0.00,0.00,0.00,0.00,0.000,0,061820.40,4000.00167912,N,11619.59652825,E,1,11,1.2,42.1212,M,-9.2908,M,,*45,1,9013.0,-26159.9,46562.4,7847.6,-26328.2,46044.3,7285.7,-26046.8,46357.4,8178.4,-25875.9,46390.4,1,0.24,15.99,1
2022-05-22 00:21:28.610,0.000,0.000,0.000,0.00,0.00,0.00,0.00,0.00,0.00,0.00,0.00,0.000,0,061820.60,4000.00167942,N,11619.59643223,E,1,11,1.2,42.0951,M,-9.2908,M,,*43,1,7245.2,-28216.3,45661.2,5471.6,-28380.7,45129.4,4896.5,-28053.3,45468.6,5796.5,-27923.7,45506.4,1,0.24,15.91,1
2022-05-22 00:21:28.810,0.000,0.000,0.000,0.00,0.00,0.00,0.00,0.00,0.00,0.00,0.00,0.000,0,061820.80,4000.00168011,N,11619.59634748,E,1,11,1.2,42.0988,M,-9.2908,M,,*41,1,4844.3,-29248.7,45105.9,4530.1,-29408.1,44569.9,3945.0,-29059.6,44922.5,4846.0,-28954.3,44951.2,1,0.24,15.91,1
2022-05-22 00:21:29.013,0.000,0.000,0.000,0.00,0.00,0.00,0.00,0.00,0.00,0.00,0.00,0.000,0,061821.00,4000.00166629,N,11619.59634190,E,1,11,1.2,42.0739,M,-9.2908,M,,*4C,1,3894.1,-28466.7,45329.7,7062.5,-28609.9,44799.6,6488.1,-28308.4,45145.6,7323.2,-28161.2,45157.0,1,0.24,15.91,1
2022-05-22 00:21:29.216,0.000,0.000,0.000,0.00,0.00,0.00,0.00,0.00,0.00,0.00,0.00,0.000,0,061821.20,4000.00165560,N,11619.59633720,E,1,11,1.2,42.0194,M,-9.2908,M,,*48,1,6454.6,-27385.1,45709.4,8866.9,-27520.4,45186.7,8308.9,-27254.1,45527.8,9109.4,-27073.9,45532.4,1,0.24,15.91,1
2022-05-22 00:21:29.404,0.000,0.000,0.000,0.00,0.00,0.00,0.00,0.00,0.00,0.00,0.00,0.000,0,061821.40,4000.00164551,N,11619.59629500,E,1,11,1.2,42.0278,M,-9.2908,M,,*47,1,8282.3,-27876.8,45760.0,6519.8,-28026.4,45238.9,5951.1,-27711.3,45594.2,6832.1,-27562.5,45601.7,1,0.24,15.91,1
2022-05-22 00:21:29.607,0.000,0.000,0.000,0.00,0.00,0.00,0.00,0.00,0.00,0.00,0.00,0.000,0,061821.60,4000.00162015,N,11619.59626601,E,1,11,1.2,42.0038,M,-9.2908,M,,*4D,1,5910.8,-27370.0,46255.9,4581.6,-27543.8,45745.1,4005.8,-27185.4,46100.8,4902.0,-27068.3,46120.4,1,0.25,15.91,1
2022-05-22 00:21:29.810,0.000,0.000,0.000,0.00,0.00,0.00,0.00,0.00,0.00,0.00,0.00,0.000,0,061821.80,4000.00155369,N,11619.59627274,E,1,11,1.2,41.9886,M,-9.2908,M,,*4F,1,3956.3,-25204.5,47454.7,4595.6,-25408.7,46967.1,4024.4,-25042.3,47306.8,4915.3,-24924.8,47327.6,1,0.25,15.91,1
2022-05-22 00:21:30.016,0.000,0.000,0.000,0.00,0.00,0.00,0.00,0.00,0.00,0.00,0.00,0.000,0,061822.00,4000.00152313,N,11619.59629430,E,1,11,1.2,42.0039,M,-9.2908,M,,*40,1,3979.3,-25556.8,47034.3,6726.9,-25738.6,46549.9,6171.7,-25423.2,46889.4,7020.6,-25241.4,46911.7,1,0.25,15.91,1
2022-05-22 00:21:30.203,0.000,0.000,0.000,0.00,0.00,0.00,0.00,0.00,0.00,0.00,0.00,0.000,0,061822.20,4000.00149984,N,11619.59630063,E,1,11,1.2,42.0068,M,-9.2908,M,,*42,1,6131.8,-26582.3,46274.8,7933.2,-26741.6,45791.9,7390.2,-26455.8,46138.8,8231.8,-26242.8,46157.2,1,0.25,15.91,1
2022-05-22 00:21:30.406,0.000,0.000,0.000,0.00,0.00,0.00,0.00,0.00,0.00,0.00,0.00,0.000,0,061822.40,4000.00143103,N,11619.59632279,E,1,12,1.2,42.0167,M,-9.2908,M,,*4F,1,7354.4,-27057.6,46068.5,7152.7,-27223.4,45604.4,6619.3,-26913.7,45960.2,7476.6,-26711.0,45983.6,1,0.25,15.91,1
2022-05-22 00:21:30.604,0.000,0.000,0.000,0.00,0.00,0.00,0.00,0.00,0.00,0.00,0.00,0.000,0,061822.60,4000.00139032,N,11619.59635117,E,1,12,1.2,41.9861,M,-9.2908,M,,*4A,1,6588.2,-27516.6,45684.9,7283.5,-27681.6,45265.6,6777.3,-27366.1,45627.9,7617.3,-27144.7,45669.8,1,0.24,15.90,1
2022-05-22 00:21:30.808,0.000,0.000,0.000,0.00,0.00,0.00,0.00,0.00,0.00,0.00,0.00,0.000,0,061822.80,4000.00135850,N,11619.59633233,E,1,12,1.2,41.9399,M,-9.2908,M,,*4B,1,6751.2,-28425.3,44998.7,6865.0,-28626.7,44664.1,6415.5,-28278.2,45046.5,7222.5,-28050.3,45120.6,1,0.24,15.90,1
2022-05-22 00:21:31.011,0.000,0.000,0.000,0.00,0.00,0.00,0.00,0.00,0.00,0.00,0.00,0.000,0,061823.00,4000.00128080,N,11619.59634658,E,1,11,1.2,41.9639,M,-9.2908,M,,*49,1,6399.0,-27267.2,45343.8,7027.8,-27601.1,45155.0,6684.8,-27209.8,45543.6,7435.0,-26966.3,45681.1,1,0.24,15.90,1
2022-05-22 00:21:31.214,0.000,0.000,0.000,0.00,0.00,0.00,0.00,0.00,0.00,0.00,0.00,0.000,0,061823.20,4000.00124513,N,11619.59636138,E,1,11,1.2,41.9401,M,-9.2908,M,,*42,1,6679.3,-27236.9,44726.4,8928.4,-27910.8,44397.0,8780.6,-27512.7,44785.0,9371.2,-27275.4,45108.2,1,0.24,15.90,1
2022-05-22 00:21:31.402,0.000,0.000,0.000,0.00,0.00,0.00,0.00,0.00,0.00,0.00,0.00,0.000,0,061823.40,4000.00120434,N,11619.59635336,E,1,11,1.2,41.9234,M,-9.2908,M,,*4B,1,8733.5,-27214.8,45101.5,8434.6,-28075.9,44118.9,8454.1,-27581.4,44595.3,8918.4,-27576.0,45028.5,1,0.25,15.99,1
2022-05-22 00:21:31.605,0.000,0.000,0.000,0.00,0.00,0.00,0.00,0.00,0.00,0.00,0.00,0.000,0,061823.60,4000.00113493,N,11619.59639952,E,1,11,1.2,41.9310,M,-9.2908,M,,*47,1,8402.6,-26210.2,46337.2,8442.8,-26778.1,44836.7,8550.6,-26120.9,45281.8,8927.1,-26464.6,45769.0,1,0.25,15.99,1
2022-05-22 00:21:31.808,0.000,0.000,0.000,0.00,0.00,0.00,0.00,0.00,0.00,0.00,0.00,0.000,0,061823.80,4000.00109053,N,11619.59642217,E,1,11,1.2,41.9339,M,-9.2908,M,,*47,1,8605.6,-26944.8,46260.8,8942.4,-26809.6,45071.8,8954.6,-26038.1,45904.1,9277.9,-26600.9,45786.6,1,0.25,15.99,1
2022-05-22 00:21:32.011,0.000,0.000,0.000,0.00,0.00,0.00,0.00,0.00,0.00,0.00,0.00,0.000,0,061824.00,4000.00105311,N,11619.59639818,E,1,11,1.2,41.9410,M,-9.2908,M,,*44,1,8843.7,-28019.7,45639.7,8362.1,-27833.6,44881.3,8292.5,-27537.9,45971.9,8578.0,-27552.6,45434.8,1,0.25,15.99,1
2022-05-22 00:21:32.214,0.000,0.000,0.000,0.00,0.00,0.00,0.00,0.00,0.00,0.00,0.00,0.000,0,061824.20,4000.00097920,N,11619.59640182,E,1,11,1.2,41.9344,M,-9.2908,M,,*46,1,7862.9,-27163.4,45918.0,8853.0,-27133.9,45314.0,8680.2,-27079.1,46098.9,9098.0,-26778.5,45799.0,1,0.25,15.99,1
2022-05-22 00:21:32.401,0.000,0.000,0.000,0.00,0.00,0.00,0.00,0.00,0.00,0.00,0.00,0.000,0,061824.40,4000.00093877,N,11619.59639445,E,1,11,1.2,41.9099,M,-9.2908,M,,*44,1,8253.4,-27590.6,45421.8,9741.3,-27648.6,44858.1,9395.4,-27601.6,45360.2,9964.8,-27253.5,45309.7,1,0.25,15.99,1
2022-05-22 00:21:32.605,0.000,0.000,0.000,0.00,0.00,0.00,0.00,0.00,0.00,0.00,0.00,0.000,0,061824.60,4000.00091955,N,11619.59640930,E,1,11,1.2,41.9218,M,-9.2908,M,,*4F,1,9122.5,-28138.3,45026.9,9907.8,-28227.3,44471.3,9462.0,-28125.2,44880.9,10178.9,-27820.4,44887.4,1,0.24,15.91,1
2022-05-22 00:21:32.808,0.000,0.000,0.000,0.00,0.00,0.00,0.00,0.00,0.00,0.00,0.00,0.000,0,061824.80,4000.00086618,N,11619.59642192,E,1,11,1.2,41.8650,M,-9.2908,M,,*4A,1,9287.2,-28130.9,45124.4,9267.6,-28250.9,44570.5,8781.6,-28100.9,44941.8,9557.3,-27838.1,44977.3,1,0.24,15.91,1
2022-05-22 00:21:33.011,0.000,0.000,0.000,0.00,0.00,0.00,0.00,0.00,0.00,0.00,0.00,0.000,0,061825.00,4000.00080364,N,11619.59645397,E,1,11,1.2,41.8426,M,-9.2908,M,,*48,1,8643.9,-26631.3,46085.5,8727.6,-26796.7,45543.1,8217.9,-26603.2,45883.7,9011.3,-26379.2,45939.1,1,0.24,15.91,1
2022-05-22 00:21:33.216,0.000,0.000,0.000,0.00,0.00,0.00,0.00,0.00,0.00,0.00,0.00,0.000,0,061825.20,4000.00076756,N,11619.59644707,E,1,11,1.2,41.8390,M,-9.2908,M,,*40,1,8107.7,-27356.0,45884.9,7368.0,-27534.8,45317.7,6826.6,-27293.1,45656.8,7645.7,-27104.8,45733.9,1,0.24,15.91,1
2022-05-22 00:21:33.403,0.000,0.000,0.000,0.00,0.00,0.00,0.00,0.00,0.00,0.00,0.00,0.000,0,061825.40,4000.00077430,N,11619.59640946,E,1,11,1.2,41.8413,M,-9.2908,M,,*47,1,6740.5,-29994.8,44564.9,4799.7,-30143.5,43959.7,4231.6,-29843.2,44325.2,5134.1,-29731.3,44390.7,1,0.25,16.00,1
2022-05-22 00:21:33.601,0.000,0.000,0.000,0.00,0.00,0.00,0.00,0.00,0.00,0.00,0.00,0.000,0,061825.60,4000.00078149,N,11619.59640198,E,1,11,1.2,41.8557,M,-9.2908,M,,*4B,1,4149.0,-31583.5,43370.5,5999.1,-31679.6,42753.3,5437.9,-31403.9,43123.3,6330.7,-31293.2,43158.3,1,0.25,16.00,1
2022-05-22 00:21:33.805,0.000,0.000,0.000,0.00,0.00,0.00,0.00,0.00,0.00,0.00,0.00,0.000,0,061825.80,4000.00078180,N,11619.59636186,E,1,11,1.2,41.8465,M,-9.2908,M,,*4E,1,5364.3,-31647.5,43001.0,8242.8,-31718.3,42389.2,7698.5,-31486.1,42749.2,8584.6,-31336.7,42767.2,1,0.25,16.00,1
2022-05-22 00:21:34.008,0.000,0.000,0.000,0.00,0.00,0.00,0.00,0.00,0.00,0.00,0.00,0.000,0,061826.00,4000.00077713,N,11619.59633097,E,1,11,1.2,41.8340,M,-9.2908,M,,*42,1,7634.7,-29993.0,44021.3,8888.9,-30095.5,43423.1,8354.6,-29867.3,43765.5,9216.8,-29714.6,43791.3,1,0.25,16.00,1
2022-05-22 00:21:34.210,0.000,0.000,0.000,0.00,0.00,0.00,0.00,0.00,0.00,0.00,0.00,0.000,0,061826.20,4000.00078049,N,11619.59631219,E,1,11,1.2,41.8340,M,-9.2908,M,,*41,1,8293.5,-29626.8,44289.2,8646.5,-29745.8,43700.5,8115.1,-29505.1,44038.9,8982.8,-29337.7,44083.3,1,0.25,16.00,1
2022-05-22 00:21:34.398,0.000,0.000,0.000,0.00,0.00,0.00,0.00,0.00,0.00,0.00,0.00,0.000,0,061826.40,4000.00078656,N,11619.59629582,E,1,11,1.2,41.8135,M,-9.2908,M,,*43,1,8055.0,-28289.7,44903.1,9821.4,-28427.9,44336.8,9297.1,-28203.6,44648.8,10169.9,-28019.7,44691.0,1,0.25,16.00,1
2022-05-22 00:21:34.601,0.000,0.000,0.000,0.00,0.00,0.00,0.00,0.00,0.00,0.00,0.00,0.000,0,061826.60,4000.00080828,N,11619.59624726,E,1,11,1.2,41.8275,M,-9.2908,M,,*47,1,9247.6,-28704.4,44342.8,11176.6,-28821.7,43774.1,10660.8,-28630.3,44083.0,11462.0,-28412.7,44141.9,1,0.25,15.91,1
2022-05-22 00:21:34.805,0.000,0.000,0.000,0.00,0.00,0.00,0.00,0.00,0.00,0.00,0.00,0.000,0,061826.80,4000.00083620,N,11619.59621231,E,1,12,1.2,41.8423,M,-9.2908,M,,*4C,1,10614.7,-29848.4,44147.1,8375.5,-29981.7,43567.5,7852.2,-29736.5,43901.2,8739.3,-29570.9,43953.1,1,0.25,15.91,1
2022-05-22 00:21:35.012,0.000,0.000,0.000,0.00,0.00,0.00,0.00,0.00,0.00,0.00,0.00,0.000,0,061827.00,4000.00087411,N,11619.59624220,E,1,12,1.2,41.8354,M,-9.2908,M,,*43,1,7781.9,-29944.1,44057.0,8478.3,-30073.9,43485.4,7958.7,-29831.0,43822.2,8838.9,-29658.6,43872.1,1,0.25,15.91,1
2022-05-22 00:21:35.215,0.000,0.000,0.000,0.00,0.00,0.00,0.00,0.00,0.00,0.00,0.00,0.000,0,061827.20,4000.00094152,N,11619.59626574,E,1,12,1.2,41.8297,M,-9.2908,M,,*4B,1,7781.9,-30411.8,43435.0,10027.7,-30516.6,42867.5,9522.2,-30306.8,43199.4,10364.1,-30111.8,43241.4,1,0.25,15.91,1
2022-05-22 00:21:35.402,0.000,0.000,0.000,0.00,0.00,0.00,0.00,0.00,0.00,0.00,0.00,0.000,0,061827.40,4000.00098930,N,11619.59623990,E,1,12,1.2,41.8251,M,-9.2908,M,,*44,1,9452.1,-30889.7,43234.8,9340.1,-30989.4,42670.0,8843.1,-30758.4,43004.9,9699.7,-30581.6,43048.6,1,0.25,15.91,1
2022-05-22 00:21:35.615,0.000,0.000,0.000,0.00,0.00,0.00,0.00,0.00,0.00,0.00,0.00,0.000,0,061827.60,4000.00099318,N,11619.59623401,E,1,12,1.2,41.8478,M,-9.2908,M,,*4F,1,8763.8,-28622.8,44971.4,8018.5,-28763.0,44430.8,7531.6,-28478.8,44745.9,8392.4,-28338.8,44812.4,1,0.24,15.91,1
2022-05-22 00:21:35.802,0.000,0.000,0.000,0.00,0.00,0.00,0.00,0.00,0.00,0.00,0.00,0.000,0,061827.80,4000.00105512,N,11619.59622186,E,1,11,1.2,41.8085,M,-9.2908,M,,*47,1,7446.2,-28225.2,45138.8,8394.6,-28371.1,44603.2,7914.8,-28068.3,44897.6,8775.1,-27927.1,44992.3,1,0.24,15.91,1
2022-05-22 00:21:36.006,0.000,0.000,0.000,0.00,0.00,0.00,0.00,0.00,0.00,0.00,0.00,0.000,0,061828.00,4000.00110661,N,11619.59620449,E,1,11,1.2,41.7747,M,-9.2908,M,,*41,1,7844.7,-27644.8,45364.3,8833.6,-27822.3,44844.2,8328.0,-27495.2,45088.3,9215.5,-27372.2,45221.2,1,0.24,15.91,1
2022-05-22 00:21:36.209,0.000,0.000,0.000,0.00,0.00,0.00,0.00,0.00,0.00,0.00,0.00,0.000,0,061828.20,4000.00112876,N,11619.59622719,E,1,11,1.2,41.7536,M,-9.2908,M,,*49,1,8309.1,-26228.3,46100.2,9046.5,-26456.7,45613.4,8495.9,-26141.2,45802.1,9416.5,-25990.2,45978.7,1,0.24,15.91,1
2022-05-22 00:21:36.411,0.000,0.000,0.000,0.00,0.00,0.00,0.00,0.00,0.00,0.00,0.00,0.000,0,061828.40,4000.00119786,N,11619.59623554,E,1,11,1.2,41.7380,M,-9.2908,M,,*45,1,8525.5,-27584.9,45282.4,9040.0,-27811.8,44792.5,8465.9,-27521.0,44969.0,9423.9,-27336.3,45166.4,1,0.24,15.91,1
2022-05-22 00:21:36.609,0.000,0.000,0.000,0.00,0.00,0.00,0.00,0.00,0.00,0.00,0.00,0.000,0,061828.60,4000.00126657,N,11619.59621477,E,1,11,1.2,41.7210,M,-9.2908,M,,*4C,1,8505.5,-29346.4,44285.9,8160.4,-29580.1,43804.3,7561.8,-29313.8,43968.8,8571.4,-29107.0,44178.9,1,0.24,15.91,1
2022-05-22 00:21:36.813,0.000,0.000,0.000,0.00,0.00,0.00,0.00,0.00,0.00,0.00,0.00,0.000,0,061828.80,4000.00127392,N,11619.59621367,E,1,11,1.2,41.7288,M,-9.2908,M,,*48,1,7588.5,-28455.9,44972.9,7223.2,-28701.7,44550.9,6648.5,-28473.3,44726.2,7627.8,-28217.2,44919.0,1,0.24,15.91,1
2022-05-22 00:21:37.000,0.000,0.000,0.000,0.00,0.00,0.00,0.00,0.00,0.00,0.00,0.00,0.000,0,061829.00,4000.00132535,N,11619.59619898,E,1,11,1.2,41.7276,M,-9.2908,M,,*4F,1,6588.9,-28871.3,44700.1,7384.7,-29071.8,44307.8,6853.8,-28869.4,44522.2,7763.0,-28570.2,44689.6,1,0.24,15.91,1
2022-05-22 00:21:37.203,0.000,0.000,0.000,0.00,0.00,0.00,0.00,0.00,0.00,0.00,0.00,0.000,0,061829.20,4000.00138759,N,11619.59618906,E,1,12,1.2,41.7131,M,-9.2908,M,,*4B,1,6724.8,-29434.7,44359.6,7629.3,-29566.6,43978.3,7135.0,-29366.0,44246.3,7985.0,-29074.1,44354.7,1,0.24,15.91,1
2022-05-22 00:21:37.406,0.000,0.000,0.000,0.00,0.00,0.00,0.00,0.00,0.00,0.00,0.00,0.000,0,061829.40,4000.00140176,N,11619.59621129,E,1,12,1.2,41.6789,M,-9.2908,M,,*42,1,6966.5,-27731.9,45385.0,8534.6,-27833.3,44985.1,8046.6,-27620.0,45284.4,8883.5,-27350.7,45335.8,1,0.24,15.91,1
2022-05-22 00:21:37.609,0.000,0.000,0.000,0.00,0.00,0.00,0.00,0.00,0.00,0.00,0.00,0.000,0,061829.60,4000.00144575,N,11619.59621133,E,1,11,1.2,41.6842,M,-9.2908,M,,*43,1,7907.1,-28419.3,44987.2,8680.9,-28508.0,44549.5,8187.9,-28291.4,44870.1,9028.5,-28022.7,44913.5,1,0.24,15.91,1
2022-05-22 00:21:37.815,0.000,0.000,0.000,0.00,0.00,0.00,0.00,0.00,0.00,0.00,0.00,0.000,0,061829.80,4000.00149530,N,11619.59618548,E,1,11,1.2,41.6793,M,-9.2908,M,,*40,1,8066.3,-29105.5,44639.8,8443.6,-29194.2,44165.3,7938.1,-28967.6,44505.6,8775.9,-28727.3,44533.0,1,0.24,15.91,1
2022-05-22 00:21:38.003,0.000,0.000,0.000,0.00,0.00,0.00,0.00,0.00,0.00,0.00,0.00,0.000,0,061830.00,4000.00150224,N,11619.59617849,E,1,11,1.2,41.6806,M,-9.2908,M,,*4A,1,7830.0,-27649.8,45689.9,7750.0,-27775.7,45206.8,7227.4,-27516.0,45550.7,8093.3,-27304.0,45568.7,1,0.24,15.91,1
2022-05-22 00:21:38.206,0.000,0.000,0.000,0.00,0.00,0.00,0.00,0.00,0.00,0.00,0.00,0.000,0,061830.20,4000.00156045,N,11619.59614037,E,1,11,1.2,41.6646,M,-9.2908,M,,*43,1,7142.1,-28407.5,45153.7,8314.1,-28524.9,44653.7,7788.9,-28275.7,45005.7,8622.4,-28048.5,45029.1,1,0.24,15.91,1
2022-05-22 00:21:38.409,0.000,0.000,0.000,0.00,0.00,0.00,0.00,0.00,0.00,0.00,0.00,0.000,0,061830.40,4000.00161694,N,11619.59610925,E,1,11,1.2,41.6680,M,-9.2908,M,,*4F,1,7715.7,-29434.9,44318.5,9419.6,-29535.4,43797.4,8894.1,-29308.6,44160.3,9689.8,-29081.9,44166.8,1,0.24,15.91,1
2022-05-22 00:21:38.612,0.000,0.000,0.000,0.00,0.00,0.00,0.00,0.00,0.00,0.00,0.00,0.000,0,061830.60,4000.00162353,N,11619.59613525,E,1,11,1.2,41.6407,M,-9.2908,M,,*42,1,8832.1,-27593.0,45295.1,10395.2,-27712.2,44788.2,9862.5,-27490.4,45131.3,10686.9,-27262.8,45119.5,1,0.24,15.91,1
2022-05-22 00:21:38.815,0.000,0.000,0.000,0.00,0.00,0.00,0.00,0.00,0.00,0.00,0.00,0.000,0,061830.80,4000.00164858,N,11619.59613620,E,1,12,1.2,41.5980,M,-9.2908,M,,*4E,1,9821.0,-27383.3,45247.1,11229.7,-27493.7,44740.7,10698.6,-27287.5,45075.0,11549.4,-27034.4,45063.2,1,0.24,15.91,1
2022-05-22 00:21:39.002,0.000,0.000,0.000,0.00,0.00,0.00,0.00,0.00,0.00,0.00,0.00,0.000,0,061831.00,4000.00167382,N,11619.59606572,E,1,11,1.2,41.5653,M,-9.2908,M,,*4A,1,10665.5,-27999.2,45099.4,10230.7,-28111.0,44587.8,9686.9,-27880.7,44925.5,10552.7,-27662.0,44908.4,1,0.24,15.91,1
2022-05-22 00:21:39.205,0.000,0.000,0.000,0.00,0.00,0.00,0.00,0.00,0.00,0.00,0.00,0.000,0,061831.20,4000.00164307,N,11619.59601682,E,1,11,1.2,41.6018,M,-9.2908,M,,*47,1,9651.8,-27148.5,46111.0,7347.3,-27296.8,45605.0,6779.8,-27000.9,45939.9,7669.6,-26839.6,45947.2,1,0.24,15.91,1
2022-05-22 00:21:39.408,0.000,0.000,0.000,0.00,0.00,0.00,0.00,0.00,0.00,0.00,0.00,0.000,0,061831.40,4000.00164054,N,11619.59595243,E,1,11,1.2,41.5714,M,-9.2908,M,,*4B,1,6736.6,-27705.3,45938.9,6090.3,-27859.3,45425.6,5513.4,-27543.7,45775.1,6405.8,-27393.2,45791.2,1,0.24,15.91,1
2022-05-22 00:21:39.607,0.000,0.000,0.000,0.00,0.00,0.00,0.00,0.00,0.00,0.00,0.00,0.000,0,061831.60,4000.00165023,N,11619.59590611,E,1,11,1.2,41.5717,M,-9.2908,M,,*4D,1,5460.3,-27492.4,45759.5,8260.3,-27630.5,45234.9,7694.9,-27369.2,45591.2,8567.0,-27178.3,45588.3,1,0.24,15.91,1
2022-05-22 00:21:39.809,0.000,0.000,0.000,0.00,0.00,0.00,0.00,0.00,0.00,0.00,0.00,0.000,0,061831.80,4000.00163054,N,11619.59589808,E,1,11,1.2,41.5292,M,-9.2908,M,,*43,1,7643.9,-26505.6,45685.4,11505.9,-26625.6,45157.3,10978.0,-26444.3,45499.9,11797.0,-26194.6,45493.0,1,0.24,15.91,1
2022-05-22 00:21:40.012,0.000,0.000,0.000,0.00,0.00,0.00,0.00,0.00,0.00,0.00,0.00,0.000,0,061832.00,4000.00157818,N,11619.59586767,E,1,11,1.2,41.4787,M,-9.2908,M,,*46,1,10925.8,-26367.8,45803.9,11289.6,-26486.9,45275.6,10771.6,-26310.8,45612.7,11580.3,-26057.2,45618.8,1,0.24,15.91,1
2022-05-22 00:21:40.216,0.000,0.000,0.000,0.00,0.00,0.00,0.00,0.00,0.00,0.00,0.00,0.000,0,061832.20,4000.00157752,N,11619.59582760,E,1,11,1.2,41.4663,M,-9.2908,M,,*4D,1,10704.2,-25220.1,46982.0,8453.6,-25378.1,46477.2,7921.7,-25141.7,46802.1,8797.9,-24934.0,46820.9,1,0.24,15.91,1
2022-05-22 00:21:40.403,0.000,0.000,0.000,0.00,0.00,0.00,0.00,0.00,0.00,0.00,0.00,0.000,0,061832.40,4000.00159755,N,11619.59581985,E,1,11,1.2,41.4217,M,-9.2908,M,,*43,1,7839.5,-25192.6,47014.8,8287.8,-25356.2,46531.0,7745.9,-25115.2,46829.2,8623.5,-24889.5,46869.2,1,0.24,15.91,1
2022-05-22 00:21:40.606,0.000,0.000,0.000,0.00,0.00,0.00,0.00,0.00,0.00,0.00,0.00,0.000,0,061832.60,4000.00155240,N,11619.59580234,E,1,11,1.2,41.4229,M,-9.2908,M,,*41,1,7668.2,-27503.7,45674.8,8461.0,-27643.7,45172.7,7907.2,-27412.2,45479.6,8798.7,-27184.6,45517.1,1,0.25,15.91,1
2022-05-22 00:21:40.803,0.000,0.000,0.000,0.00,0.00,0.00,0.00,0.00,0.00,0.00,0.00,0.000,0,061832.80,4000.00146780,N,11619.59580238,E,1,11,1.2,41.3866,M,-9.2908,M,,*4E,1,7831.5,-28029.4,45296.8,8728.0,-28161.8,44792.5,8170.5,-27940.5,45092.7,9074.0,-27717.0,45121.4,1,0.25,15.91,1
2022-05-22 00:21:41.006,0.000,0.000,0.000,0.00,0.00,0.00,0.00,0.00,0.00,0.00,0.00,0.000,0,061833.00,4000.00138321,N,11619.59582992,E,1,11,1.2,41.3880,M,-9.2908,M,,*40,1,8095.2,-27544.5,45216.4,10584.6,-27663.0,44719.9,10028.6,-27483.9,45006.3,10926.6,-27220.6,45026.8,1,0.25,15.91,1
2022-05-22 00:21:41.208,0.000,0.000,0.000,0.00,0.00,0.00,0.00,0.00,0.00,0.00,0.00,0.000,0,061833.20,4000.00132313,N,11619.59582824,E,1,11,1.2,41.3958,M,-9.2908,M,,*41,1,9968.1,-27782.7,44932.2,11156.4,-27898.6,44434.2,10597.9,-27730.6,44717.3,11499.6,-27459.5,44734.2,1,0.25,15.91,1
2022-05-22 00:21:41.405,0.000,0.000,0.000,0.00,0.00,0.00,0.00,0.00,0.00,0.00,0.00,0.000,0,061833.40,4000.00123355,N,11619.59585083,E,1,11,1.2,41.3943,M,-9.2908,M,,*4D,1,10547.7,-27127.6,45430.0,10644.4,-27266.2,44935.7,10078.5,-27076.5,45213.9,10999.4,-26825.3,45231.5,1,0.25,15.91,1
2022-05-22 00:21:41.608,0.000,0.000,0.000,0.00,0.00,0.00,0.00,0.00,0.00,0.00,0.00,0.000,0,061833.60,4000.00116932,N,11619.59587320,E,1,11,1.2,41.3919,M,-9.2908,M,,*45,1,10038.5,-28324.5,44680.2,10746.5,-28446.6,44165.5,10179.8,-28252.8,44454.2,11081.7,-28003.1,44482.2,1,0.24,15.91,1
2022-05-22 00:21:41.811,0.000,0.000,0.000,0.00,0.00,0.00,0.00,0.00,0.00,0.00,0.00,0.000,0,061833.80,4000.00111226,N,11619.59585158,E,1,12,1.2,41.3694,M,-9.2908,M,,*44,1,10148.6,-29572.4,44046.8,9963.3,-29681.2,43518.6,9395.8,-29466.8,43823.3,10303.8,-29249.0,43844.1,1,0.24,15.91,1
2022-05-22 00:21:42.014,0.000,0.000,0.000,0.00,0.00,0.00,0.00,0.00,0.00,0.00,0.00,0.000,0,061834.00,4000.00101941,N,11619.59585153,E,1,12,1.2,41.3338,M,-9.2908,M,,*48,1,9361.3,-28605.1,44754.4,9549.7,-28731.6,44238.4,8985.9,-28503.2,44535.4,9895.2,-28300.9,44553.8,1,0.24,15.91,1
2022-05-22 00:21:42.202,0.000,0.000,0.000,0.00,0.00,0.00,0.00,0.00,0.00,0.00,0.00,0.000,0,061834.20,4000.00095025,N,11619.59584273,E,1,12,1.2,41.3352,M,-9.2908,M,,*41,1,8946.5,-27824.5,45190.3,9793.5,-27958.1,44685.3,9237.1,-27735.1,44975.9,10137.5,-27513.7,45004.1,1,0.24,15.91,1
2022-05-22 00:21:42.405,0.000,0.000,0.000,0.00,0.00,0.00,0.00,0.00,0.00,0.00,0.00,0.000,0,061834.40,4000.00092294,N,11619.59585862,E,1,12,1.2,41.3288,M,-9.2908,M,,*45,1,9194.3,-28376.8,44611.6,10907.2,-28493.8,44098.8,10359.3,-28300.5,44390.4,11242.8,-28059.1,44413.9,1,0.24,15.91,1
2022-05-22 00:21:42.602,0.000,0.000,0.000,0.00,0.00,0.00,0.00,0.00,0.00,0.00,0.00,0.000,0,061834.60,4000.00086605,N,11619.59588381,E,1,12,1.2,41.2961,M,-9.2908,M,,*48,1,10317.1,-28008.1,44832.3,10957.9,-28134.7,44316.6,10411.1,-27941.0,44604.9,11305.4,-27701.2,44628.0,1,0.24,15.90,1
2022-05-22 00:21:42.812,0.000,0.000,0.000,0.00,0.00,0.00,0.00,0.00,0.00,0.00,0.00,0.000,0,061834.80,4000.00083496,N,11619.59588410,E,1,12,1.2,41.2906,M,-9.2908,M,,*45,1,10369.7,-28344.7,44665.5,10848.4,-28463.6,44134.0,10294.4,-28269.1,44428.3,11187.8,-28032.0,44453.6,1,0.24,15.90,1
2022-05-22 00:21:43.015,0.000,0.000,0.000,0.00,0.00,0.00,0.00,0.00,0.00,0.00,0.00,0.000,0,061835.00,4000.00084310,N,11619.59583762,E,1,12,1.2,41.2729,M,-9.2908,M,,*4C,1,10257.6,-30068.1,43819.5,9623.1,-30172.0,43263.3,9057.0,-29954.1,43579.5,9956.7,-29752.7,43598.7,1,0.24,15.90,1
2022-05-22 00:21:43.204,0.000,0.000,0.000,0.00,0.00,0.00,0.00,0.00,0.00,0.00,0.00,0.000,0,061835.20,4000.00082737,N,11619.59580768,E,1,12,1.2,41.2814,M,-9.2908,M,,*41,1,9018.0,-30579.0,43747.2,8181.1,-30685.8,43183.4,7601.0,-30437.7,43514.8,8505.4,-30270.3,43531.7,1,0.24,15.90,1
2022-05-22 00:21:43.407,0.000,0.000,0.000,0.00,0.00,0.00,0.00,0.00,0.00,0.00,0.00,0.000,0,061835.40,4000.00082046,N,11619.59575661,E,1,12,1.2,41.2641,M,-9.2908,M,,*4A,1,7557.8,-30351.0,44004.3,7590.0,-30466.9,43438.4,6998.5,-30208.3,43777.4,7906.1,-30050.1,43790.6,1,0.24,15.90,1
2022-05-22 00:21:43.610,0.000,0.000,0.000,0.00,0.00,0.00,0.00,0.00,0.00,0.00,0.00,0.000,0,061835.60,4000.00083877,N,11619.59570883,E,1,12,1.2,41.2727,M,-9.2908,M,,*45,1,6954.1,-29593.9,44306.6,8835.7,-29707.3,43737.5,8246.1,-29481.7,44081.2,9144.9,-29295.1,44079.2,1,0.25,15.91,1
2022-05-22 00:21:43.813,0.000,0.000,0.000,0.00,0.00,0.00,0.00,0.00,0.00,0.00,0.00,0.000,0,061835.80,4000.00086918,N,11619.59572268,E,1,12,1.2,41.2377,M,-9.2908,M,,*4A,1,6954.1,-28336.3,44357.1,12295.1,-28430.2,43790.9,11732.5,-28283.3,44127.3,12568.3,-28035.3,44107.7,1,0.25,15.91,1
2022-05-22 00:21:44.001,0.000,0.000,0.000,0.00,0.00,0.00,0.00,0.00,0.00,0.00,0.00,0.000,0,061836.00,4000.00091532,N,11619.59571377,E,1,12,1.2,41.2189,M,-9.2908,M,,*4C,1,11700.1,-28019.5,44269.4,13343.8,-28105.1,43709.3,12791.0,-27980.6,44044.4,13624.0,-27715.1,44013.4,1,0.25,15.91,1
2022-05-22 00:21:44.204,0.000,0.000,0.000,0.00,0.00,0.00,0.00,0.00,0.00,0.00,0.00,0.000,0,061836.20,4000.00097543,N,11619.59571707,E,1,12,1.2,41.2391,M,-9.2908,M,,*46,1,12760.9,-29840.7,43264.9,12672.8,-29905.3,42697.0,12116.0,-29771.0,43043.6,12999.9,-29504.7,43007.2,1,0.25,15.91,1
2022-05-22 00:21:44.407,0.000,0.000,0.000,0.00,0.00,0.00,0.00,0.00,0.00,0.00,0.00,0.000,0,061836.40,4000.00104386,N,11619.59574211,E,1,12,1.2,41.2274,M,-9.2908,M,,*49,1,12082.0,-31369.0,42230.4,12523.1,-31412.5,41652.3,11964.2,-31278.3,42010.4,12839.0,-31022.7,41966.8,1,0.25,15.91,1
2022-05-22 00:21:44.610,0.000,0.000,0.000,0.00,0.00,0.00,0.00,0.00,0.00,0.00,0.00,0.000,0,061836.60,4000.00105790,N,11619.59574490,E,1,12,1.2,41.2180,M,-9.2908,M,,*4E,1,12082.0,-29517.7,43718.5,11785.2,-29596.6,43157.6,11217.2,-29436.0,43501.4,12110.7,-29199.4,43460.3,1,0.25,15.91,1
2022-05-22 00:21:44.813,0.000,0.000,0.000,0.00,0.00,0.00,0.00,0.00,0.00,0.00,0.00,0.000,0,061836.80,4000.00108682,N,11619.59573624,E,1,12,1.2,41.2202,M,-9.2908,M,,*4C,1,11186.0,-27810.1,45049.0,10765.0,-27924.8,44503.9,10190.2,-27736.8,44834.7,11088.0,-27502.8,44819.8,1,0.25,15.91,1
2022-05-22 00:21:45.015,0.000,0.000,0.000,0.00,0.00,0.00,0.00,0.00,0.00,0.00,0.00,0.000,0,061837.00,4000.00119107,N,11619.59569800,E,1,12,1.2,41.1694,M,-9.2908,M,,*44,1,10156.2,-28719.2,44606.5,10180.8,-28826.0,44053.6,9596.6,-28634.6,44390.8,10480.9,-28406.2,44382.8,1,0.25,15.91,1
2022-05-22 00:21:45.203,0.000,0.000,0.000,0.00,0.00,0.00,0.00,0.00,0.00,0.00,0.00,0.000,0,061837.20,4000.00122179,N,11619.59572502,E,1,12,1.2,41.1631,M,-9.2908,M,,*4D,1,9555.9,-27381.1,45444.6,10107.1,-27509.1,44903.6,9520.0,-27314.4,45232.5,10429.4,-27086.5,45217.4,1,0.25,15.91,1
2022-05-22 00:21:45.406,0.000,0.000,0.000,0.00,0.00,0.00,0.00,0.00,0.00,0.00,0.00,0.000,0,061837.40,4000.00125652,N,11619.59577023,E,1,11,1.2,41.1272,M,-9.2908,M,,*41,1,9477.5,-26051.1,45959.6,11297.2,-26183.1,45429.1,10725.8,-26009.5,45746.9,11613.2,-25752.6,45737.1,1,0.25,15.91,1
2022-05-22 00:21:45.609,0.000,0.000,0.000,0.00,0.00,0.00,0.00,0.00,0.00,0.00,0.00,0.000,0,061837.60,4000.00134917,N,11619.59575895,E,1,11,1.2,41.1287,M,-9.2908,M,,*40,1,10688.1,-27988.9,44790.9,11418.3,-28093.3,44239.8,10847.1,-27929.2,44575.3,11703.6,-27670.0,44569.4,1,0.24,15.91,1
2022-05-22 00:21:45.812,0.000,0.000,0.000,0.00,0.00,0.00,0.00,0.00,0.00,0.00,0.00,0.000,0,061837.80,4000.00140504,N,11619.59574849,E,1,12,1.2,41.1471,M,-9.2908,M,,*4F,1,10808.0,-29366.9,44241.2,9959.8,-29470.0,43679.0,9377.0,-29279.6,44027.7,10256.3,-29056.0,44017.5,1,0.24,15.91,1
2022-05-22 00:21:46.000,0.000,0.000,0.000,0.00,0.00,0.00,0.00,0.00,0.00,0.00,0.00,0.000,0,061838.00,4000.00143407,N,11619.59575705,E,1,11,1.2,41.1267,M,-9.2908,M,,*4D,1,9329.1,-28372.5,45010.6,9288.6,-28496.6,44462.6,8702.7,-28288.0,44801.6,9594.9,-28074.9,44799.2,1,0.24,15.91,1
2022-05-22 00:21:46.203,0.000,0.000,0.000,0.00,0.00,0.00,0.00,0.00,0.00,0.00,0.00,0.000,0,061838.20,4000.00152444,N,11619.59571200,E,1,11,1.2,41.1081,M,-9.2908,M,,*46,1,8649.7,-29654.4,44413.3,8006.6,-29773.2,43861.9,7412.8,-29543.0,44208.5,8272.0,-29342.0,44225.8,1,0.24,15.91,1
2022-05-22 00:21:46.406,0.000,0.000,0.000,0.00,0.00,0.00,0.00,0.00,0.00,0.00,0.00,0.000,0,061838.40,4000.00170157,N,11619.59564923,E,1,13,1.1,41.0638,M,-9.2908,M,,*4D,1,7348.4,-30002.7,44280.1,7440.0,-30118.3,43736.5,6846.1,-29870.2,44078.6,7741.4,-29697.3,44082.2,1,0.24,15.91,1
2022-05-22 00:21:46.609,0.000,0.000,0.000,0.00,0.00,0.00,0.00,0.00,0.00,0.00,0.00,0.000,0,061838.60,4000.00191117,N,11619.59558319,E,1,13,1.1,40.9216,M,-9.2908,M,,*48,1,6778.4,-26944.5,45866.3,9394.9,-27081.9,45330.6,8833.4,-26853.1,45641.9,9705.1,-26656.8,45658.9,1,0.24,15.91,1
2022-05-22 00:21:46.812,0.000,0.000,0.000,0.00,0.00,0.00,0.00,0.00,0.00,0.00,0.00,0.000,0,061838.80,4000.00193340,N,11619.59562519,E,1,12,1.2,40.9238,M,-9.2908,M,,*45,1,8775.8,-25831.1,46289.7,10400.7,-25987.9,45758.4,9866.3,-25778.2,46056.6,10724.5,-25547.1,46092.5,1,0.24,15.91,1
2022-05-22 00:21:47.012,0.000,0.000,0.000,0.00,0.00,0.00,0.00,0.00,0.00,0.00,0.00,0.000,0,061839.00,4000.00198344,N,11619.59560585,E,1,12,1.2,40.9209,M,-9.2908,M,,*46,1,9809.6,-27160.8,45505.4,10472.6,-27310.6,44966.6,9948.9,-27109.6,45283.3,10759.2,-26867.9,45324.5,1,0.24,15.91,1
2022-05-22 00:21:47.199,0.000,0.000,0.000,0.00,0.00,0.00,0.00,0.00,0.00,0.00,0.00,0.000,0,061839.20,4000.00198152,N,11619.59561065,E,1,11,1.2,40.9288,M,-9.2908,M,,*41,1,9884.2,-27328.6,45664.4,9122.3,-27497.6,45140.4,8590.1,-27258.9,45484.5,9453.5,-27041.9,45500.2,1,0.24,15.91,1
2022-05-22 00:21:47.403,0.000,0.000,0.000,0.00,0.00,0.00,0.00,0.00,0.00,0.00,0.00,0.000,0,061839.40,4000.00200309,N,11619.59560788,E,1,11,1.2,40.9091,M,-9.2908,M,,*46,1,8525.3,-28106.5,45324.3,8473.6,-28260.9,44798.4,7921.8,-28001.6,45154.2,8801.4,-27799.9,45164.7,1,0.24,16.00,1
2022-05-22 00:21:47.605,0.000,0.000,0.000,0.00,0.00,0.00,0.00,0.00,0.00,0.00,0.00,0.000,0,061839.60,4000.00206366,N,11619.59557416,E,1,12,1.2,40.9007,M,-9.2908,M,,*47,1,7872.0,-30536.5,43808.2,8197.7,-30653.0,43259.3,7631.5,-30393.5,43626.7,8510.8,-30209.0,43630.6,1,0.24,16.00,1
2022-05-22 00:21:47.808,0.000,0.000,0.000,0.00,0.00,0.00,0.00,0.00,0.00,0.00,0.00,0.000,0,061839.80,4000.00205259,N,11619.59561571,E,1,12,1.2,40.9021,M,-9.2908,M,,*46,1,7589.5,-29866.7,44301.1,8037.8,-29993.8,43753.3,7458.5,-29728.1,44097.5,8348.0,-29559.4,44105.0,1,0.24,16.00,1
2022-05-22 00:21:48.011,0.000,0.000,0.000,0.00,0.00,0.00,0.00,0.00,0.00,0.00,0.00,0.000,0,061840.00,4000.00200940,N,11619.59570173,E,1,12,1.2,40.9101,M,-9.2908,M,,*43,1,7427.7,-26527.8,46075.6,9601.7,-26687.0,45557.5,9027.3,-26450.3,45859.5,9924.6,-26243.9,45869.6,1,0.24,16.00,1
2022-05-22 00:21:48.199,0.000,0.000,0.000,0.00,0.00,0.00,0.00,0.00,0.00,0.00,0.00,0.000,0,061840.20,4000.00199670,N,11619.59573274,E,1,12,1.2,40.9265,M,-9.2908,M,,*48,1,9005.6,-25183.6,46530.5,10971.2,-25340.2,46021.1,10399.2,-25136.9,46309.7,11274.0,-24900.1,46311.1,1,0.24,16.00,1
2022-05-22 00:21:48.402,0.000,0.000,0.000,0.00,0.00,0.00,0.00,0.00,0.00,0.00,0.00,0.000,0,061840.40,4000.00199991,N,11619.59568893,E,1,12,1.2,40.9278,M,-9.2908,M,,*4B,1,10383.4,-26773.3,46235.8,7774.7,-26942.9,45710.2,7184.5,-26672.8,46023.0,8093.4,-26504.1,46034.2,1,0.24,16.00,1
2022-05-22 00:21:48.600,0.000,0.000,0.000,0.00,0.00,0.00,0.00,0.00,0.00,0.00,0.00,0.000,0,061840.60,4000.00200132,N,11619.59569764,E,1,12,1.2,40.9779,M,-9.2908,M,,*49,1,7151.5,-29663.1,44694.4,6053.1,-29806.8,44142.7,5456.7,-29507.6,44490.2,6368.0,-29378.0,44497.6,1,0.24,15.91,1
2022-05-22 00:21:48.804,0.000,0.000,0.000,0.00,0.00,0.00,0.00,0.00,0.00,0.00,0.00,0.000,0,061840.80,4000.00199682,N,11619.59575104,E,1,11,1.2,40.9388,M,-9.2908,M,,*4C,1,5411.3,-31257.8,43327.2,8067.7,-31356.0,42760.1,7485.2,-31106.3,43117.3,8370.8,-30943.3,43103.9,1,0.24,15.91,1
2022-05-22 00:21:49.007,0.000,0.000,0.000,0.00,0.00,0.00,0.00,0.00,0.00,0.00,0.00,0.000,0,061841.00,4000.00196047,N,11619.59575412,E,1,10,1.3,40.9006,M,-9.2908,M,,*42,1,7444.0,-30334.1,43758.9,9268.1,-30433.8,43199.0,8692.7,-30206.3,43542.4,9579.0,-30022.6,43523.6,1,0.24,15.91,1
2022-05-22 00:21:49.209,0.000,0.000,0.000,0.00,0.00,0.00,0.00,0.00,0.00,0.00,0.00,0.000,0,061841.20,4000.00194073,N,11619.59570033,E,1,10,1.3,40.8537,M,-9.2908,M,,*41,1,8657.2,-29116.1,44655.7,8768.0,-29239.7,44105.3,8190.3,-28997.2,44437.4,9088.9,-28825.7,44425.3,1,0.24,15.91,1
2022-05-22 00:21:49.402,0.000,0.000,0.000,0.00,0.00,0.00,0.00,0.00,0.00,0.00,0.00,0.000,0,061841.40,4000.00192877,N,11619.59564317,E,1,10,1.3,40.8372,M,-9.2908,M,,*4A,1,8153.4,-29890.4,44429.0,6941.4,-30021.1,43872.3,6354.8,-29741.8,44217.2,7266.4,-29599.2,44217.1,1,0.24,15.91,1
2022-05-22 00:21:49.605,0.000,0.000,0.000,0.00,0.00,0.00,0.00,0.00,0.00,0.00,0.00,0.000,0,061841.60,4000.00193625,N,11619.59562962,E,1,11,1.3,40.7905,M,-9.2908,M,,*4A,1,6308.4,-30578.9,43928.8,7184.5,-30695.8,43366.5,6598.9,-30424.5,43719.1,7497.0,-30282.5,43711.1,1,0.24,15.91,1
2022-05-22 00:21:49.808,0.000,0.000,0.000,0.00,0.00,0.00,0.00,0.00,0.00,0.00,0.00,0.000,0,061841.80,4000.00194028,N,11619.59561697,E,1,11,1.3,40.7519,M,-9.2908,M,,*4F,1,6553.2,-31091.7,43318.4,8732.2,-31185.0,42751.9,8155.3,-30949.7,43107.3,9048.9,-30782.6,43081.1,1,0.24,15.91,1
2022-05-22 00:21:50.011,0.000,0.000,0.000,0.00,0.00,0.00,0.00,0.00,0.00,0.00,0.00,0.000,0,061842.00,4000.00193684,N,11619.59558859,E,1,11,1.3,40.6991,M,-9.2908,M,,*48,1,8115.8,-31488.4,42747.7,10161.7,-31560.6,42178.3,9596.3,-31360.0,42533.6,10487.9,-31167.5,42494.2,1,0.24,15.91,1
2022-05-22 00:21:50.199,0.000,0.000,0.000,0.00,0.00,0.00,0.00,0.00,0.00,0.00,0.00,0.000,0,061842.20,4000.00192910,N,11619.59556458,E,1,11,1.3,40.6249,M,-9.2908,M,,*44,1,9560.1,-31455.6,42533.7,11178.2,-31517.0,41968.7,10623.6,-31338.0,42321.1,11511.4,-31118.1,42279.3,1,0.24,15.91,1
2022-05-22 00:21:50.404,0.000,0.000,0.000,0.00,0.00,0.00,0.00,0.00,0.00,0.00,0.00,0.000,0,061842.40,4000.00191554,N,11619.59554100,E,1,11,1.3,40.5898,M,-9.2908,M,,*42,1,10590.2,-30327.3,43085.9,12237.0,-30402.2,42531.0,11698.2,-30237.7,42875.4,12570.0,-29990.4,42847.6,1,0.24,15.91,1
2022-05-22 00:21:50.607,0.000,0.000,0.000,0.00,0.00,0.00,0.00,0.00,0.00,0.00,0.00,0.000,0,061842.60,4000.00192242,N,11619.59551964,E,1,11,1.3,40.5096,M,-9.2908,M,,*4A,1,11669.1,-29776.3,43239.2,13092.1,-29850.6,42682.7,12552.9,-29705.3,43023.6,13418.4,-29443.3,42994.0,1,0.24,15.90,1
2022-05-22 00:21:50.795,0.000,0.000,0.000,0.00,0.00,0.00,0.00,0.00,0.00,0.00,0.00,0.000,0,061842.80,4000.00193161,N,11619.59551937,E,1,11,1.3,40.4761,M,-9.2908,M,,*4F,1,12531.2,-29444.2,43058.3,14445.1,-29505.3,42506.2,13920.0,-29391.8,42835.1,14781.7,-29105.0,42798.1,1,0.24,15.90,1
2022-05-22 00:21:51.013,0.000,0.000,0.000,0.00,0.00,0.00,0.00,0.00,0.00,0.00,0.00,0.000,0,061843.00,4000.00193711,N,11619.59553706,E,1,12,1.2,40.4821,M,-9.2908,M,,*40,1,13900.9,-29343.4,42447.8,16407.7,-29374.5,41896.1,15898.1,-29312.3,42209.5,16756.1,-28994.7,42163.0,1,0.24,15.90,1
2022-05-22 00:21:51.201,0.000,0.000,0.000,0.00,0.00,0.00,0.00,0.00,0.00,0.00,0.00,0.000,0,061843.20,4000.00192469,N,11619.59551748,E,1,12,1.2,40.5014,M,-9.2908,M,,*48,1,15882.8,-30023.7,42348.8,15370.5,-30059.4,41792.3,14853.8,-29972.1,42120.2,15713.9,-29667.9,42078.0,1,0.24,15.90,1
2022-05-22 00:21:51.410,0.000,0.000,0.000,0.00,0.00,0.00,0.00,0.00,0.00,0.00,0.00,0.000,0,061843.40,4000.00191320,N,11619.59550658,E,1,11,1.3,40.5091,M,-9.2908,M,,*49,1,14834.4,-30278.4,42915.9,13019.2,-30339.9,42358.4,12485.0,-30198.2,42696.1,13358.9,-29938.8,42666.6,1,0.25,16.00,1
2022-05-22 00:21:51.598,0.000,0.000,0.000,0.00,0.00,0.00,0.00,0.00,0.00,0.00,0.00,0.000,0,061843.60,4000.00190900,N,11619.59548484,E,1,11,1.3,40.4347,M,-9.2908,M,,*41,1,12455.9,-30218.6,43321.3,11663.4,-30295.4,42766.3,11117.7,-30122.7,43107.0,11999.5,-29888.5,43085.0,1,0.25,16.00,1
