2022-05-22 00:19:17.610,0,0,061609.60,4000.00115124,N,11619.59568933,E,1,12,1.1,41.2866,M,-9.2908,M,,*4F,1,4921.3,-30263.8,44366.3,5467.0,-30411.9,43818.0,4913.0,-30102.3,44206.5,5765.8,-29970.0,44227.4,1,0.24,15.89,1
2022-05-22 00:19:17.813,0.000,0.000,0.000,0.00,0.00,0.00,0.00,0.00,0.00,0.00,0.00,0.000,0,061609.80,4000.00116414,N,11619.59567524,E,1,12,1.2,41.2080,M,-9.2908,M,,*42,1,4838.9,-29862.4,44519.6,6520.0,-30008.0,43969.5,5971.1,-29717.7,44354.8,6821.6,-29568.7,44368.9,1,0.24,15.89,1
2022-05-22 00:19:18.009,0.000,0.000,0.000,0.00,0.00,0.00,0.00,0.00,0.00,0.00,0.00,0.000,0,061610.00,4000.00117352,N,11619.59567788,E,1,12,1.1,41.1791,M,-9.2908,M,,*45,1,5904.0,-30321.0,44154.3,6969.4,-30456.2,43598.5,6423.0,-30177.5,43987.1,7272.2,-30019.1,43997.6,1,0.24,15.89,1
2022-05-22 00:19:18.212,0.000,0.000,0.000,0.00,0.00,0.00,0.00,0.00,0.00,0.00,0.00,0.000,0,061610.20,4000.00116803,N,11619.59566776,E,1,12,1.1,41.1555,M,-9.2908,M,,*43,1,6356.5,-30597.2,44088.5,5997.5,-30737.5,43532.5,5446.7,-30438.9,43925.8,6298.6,-30298.2,43941.2,1,0.24,15.89,1
2022-05-22 00:19:18.400,0.000,0.000,0.000,0.00,0.00,0.00,0.00,0.00,0.00,0.00,0.00,0.000,0,061610.40,4000.00113219,N,11619.59567841,E,1,12,1.1,41.1284,M,-9.2908,M,,*40,1,5374.6,-29067.6,45185.9,5119.5,-29236.9,44650.6,4563.7,-28911.8,45028.8,5419.9,-28792.4,45051.8,1,0.24,15.89,1
2022-05-22 00:19:18.603,0.000,0.000,0.000,0.00,0.00,0.00,0.00,0.00,0.00,0.00,0.00,0.000,0,061610.60,4000.00106254,N,11619.59570529,E,1,11,1.2,41.1150,M,-9.2908,M,,*40,1,4491.3,-26601.4,46672.2,4924.5,-26807.5,46166.5,4369.5,-26469.0,46522.1,5220.9,-26344.4,46560.5,1,0.24,15.89,1
2022-05-22 00:19:18.807,0.000,0.000,0.000,0.00,0.00,0.00,0.00,0.00,0.00,0.00,0.00,0.000,0,061610.80,4000.00100407,N,11619.59571402,E,1,11,1.2,41.1083,M,-9.2908,M,,*4E,1,4300.1,-25005.8,47514.7,5060.8,-25237.8,47026.5,4511.1,-24903.0,47367.4,5359.2,-24759.5,47423.1,1,0.24,15.89,1
2022-05-22 00:19:19.010,0.000,0.000,0.000,0.00,0.00,0.00,0.00,0.00,0.00,0.00,0.00,0.000,0,061611.00,4000.00099923,N,11619.59570080,E,1,11,1.2,41.0854,M,-9.2908,M,,*41,1,4440.6,-26682.7,46542.6,5554.8,-26889.4,46028.1,5011.1,-26579.4,46380.4,5795.4,-26414.6,46455.6,1,0.24,15.89,1
2022-05-22 00:19:19.213,0.000,0.000,0.000,0.00,0.00,0.00,0.00,0.00,0.00,0.00,0.00,0.000,0,061611.20,4000.00100514,N,11619.59564348,E,1,11,1.2,41.0735,M,-9.2908,M,,*40,1,4931.8,-29687.2,44876.6,3398.0,-29871.3,44323.3,2846.3,-29527.1,44714.4,3690.5,-29415.2,44783.4,1,0.24,15.89,1
2022-05-22 00:19:19.401,0.000,0.000,0.000,0.00,0.00,0.00,0.00,0.00,0.00,0.00,0.00,0.000,0,061611.40,4000.00099022,N,11619.59561456,E,1,11,1.2,41.0532,M,-9.2908,M,,*4F,1,2753.0,-31171.4,43918.1,2361.5,-31342.8,43346.6,1806.7,-30980.6,43756.9,2658.3,-30900.9,43818.0,1,0.24,15.89,1
2022-05-22 00:19:19.604,0.000,0.000,0.000,0.00,0.00,0.00,0.00,0.00,0.00,0.00,0.00,0.000,0,061611.60,4000.00096131,N,11619.59561312,E,1,11,1.2,41.0116,M,-9.2908,M,,*44,1,1710.0,-30255.6,44463.4,3851.8,-30430.0,43897.1,3306.2,-30090.4,44295.8,4148.6,-29992.9,44346.7,1,0.24,15.89,1
2022-05-22 00:19:19.806,0.000,0.000,0.000,0.00,0.00,0.00,0.00,0.00,0.00,0.00,0.00,0.000,0,061611.80,4000.00094136,N,11619.59560642,E,1,11,1.2,41.0042,M,-9.2908,M,,*4E,1,3221.5,-30177.1,44353.9,5654.0,-30341.5,43785.9,5119.4,-30034.6,44176.7,5935.5,-29900.2,44228.8,1,0.24,15.89,1
2022-05-22 00:19:20.010,0.000,0.000,0.000,0.00,0.00,0.00,0.00,0.00,0.00,0.00,0.00,0.000,0,061612.00,4000.00091700,N,11619.59558854,E,1,11,1.2,41.0065,M,-9.2908,M,,*44,1,5045.9,-29969.0,44636.4,3875.1,-30161.5,44069.1,3325.5,-29810.6,44467.4,4167.6,-29707.9,44526.8,1,0.24,15.89,1
2022-05-22 00:19:20.213,0.000,0.000,0.000,0.00,0.00,0.00,0.00,0.00,0.00,0.00,0.00,0.000,0,061612.20,4000.00087644,N,11619.59563581,E,1,11,1.2,41.0079,M,-9.2908,M,,*40,1,3250.6,-28405.8,45651.9,3521.7,-28633.2,45098.7,2965.6,-28263.7,45486.5,3836.5,-28170.3,45549.6,1,0.24,15.89,1
2022-05-22 00:19:20.401,0.000,0.000,0.000,0.00,0.00,0.00,0.00,0.00,0.00,0.00,0.00,0.000,0,061612.40,4000.00086605,N,11619.59563188,E,1,11,1.2,41.0081,M,-9.2908,M,,*48,1,2898.8,-29190.0,45182.1,2938.5,-29416.7,44618.8,2372.6,-29035.2,45015.1,3193.6,-28942.3,45092.4,1,0.24,15.89,1
2022-05-22 00:19:20.604,0.000,0.000,0.000,0.00,0.00,0.00,0.00,0.00,0.00,0.00,0.00,0.000,0,061612.60,4000.00084249,N,11619.59562563,E,1,11,1.2,41.0039,M,-9.2908,M,,*47,1,2305.2,-29255.7,45173.2,1208.0,-29500.3,44604.6,623.2,-29081.5,45011.5,1487.8,-29027.9,45089.0,1,0.24,15.89,1
2022-05-22 00:19:20.807,0.000,0.000,0.000,0.00,0.00,0.00,0.00,0.00,0.00,0.00,0.00,0.000,0,061612.80,4000.00080296,N,11619.59565280,E,1,11,1.2,40.9942,M,-9.2908,M,,*4F,1,553.3,-28054.3,45901.3,1860.2,-28314.4,45338.5,1271.6,-27905.5,45735.4,2137.2,-27845.3,45809.4,1,0.24,15.89,1
2022-05-22 00:19:21.010,0.000,0.000,0.000,0.00,0.00,0.00,0.00,0.00,0.00,0.00,0.00,0.000,0,061613.00,4000.00078782,N,11619.59568341,E,1,11,1.2,41.0200,M,-9.2908,M,,*45,1,1208.0,-28106.4,45778.9,3932.7,-28343.3,45211.1,3350.0,-27984.0,45597.6,4196.2,-27879.5,45667.4,1,0.24,15.89,1
2022-05-22 00:19:21.206,0.000,0.000,0.000,0.00,0.00,0.00,0.00,0.00,0.00,0.00,0.00,0.000,0,061613.20,4000.00076729,N,11619.59568469,E,1,11,1.2,41.0204,M,-9.2908,M,,*41,1,3291.2,-28403.9,45649.1,3016.1,-28637.8,45078.5,2423.7,-28265.2,45471.2,3273.8,-28178.4,45542.0,1,0.24,15.89,1
2022-05-22 00:19:21.403,0.000,0.000,0.000,0.00,0.00,0.00,0.00,0.00,0.00,0.00,0.00,0.000,0,061613.40,4000.00074689,N,11619.59571085,E,1,11,1.2,41.0520,M,-9.2908,M,,*41,1,2358.2,-28405.1,45689.9,1644.4,-28650.0,45120.1,1042.5,-28252.2,45519.2,1918.5,-28202.6,45585.6,1,0.24,15.89,1
2022-05-22 00:19:21.601,0.000,0.000,0.000,0.00,0.00,0.00,0.00,0.00,0.00,0.00,0.00,0.000,0,061613.60,4000.00075088,N,11619.59571862,E,1,11,1.2,41.0495,M,-9.2908,M,,*4B,1,971.0,-30076.7,44624.5,1308.2,-30298.0,44036.0,702.6,-29903.6,44448.1,1549.3,-29856.3,44516.0,1,0.24,15.89,1
2022-05-22 00:19:21.804,0.000,0.000,0.000,0.00,0.00,0.00,0.00,0.00,0.00,0.00,0.00,0.000,0,061613.80,4000.00073676,N,11619.59571793,E,1,11,1.2,41.0464,M,-9.2908,M,,*4B,1,625.2,-30434.3,44382.4,348.0,-30660.7,43785.1,-261.4,-30249.6,44201.5,613.4,-30225.8,44271.4,1,0.24,15.89,1
2022-05-22 00:19:22.007,0.000,0.000,0.000,0.00,0.00,0.00,0.00,0.00,0.00,0.00,0.00,0.000,0,061614.00,4000.00070262,N,11619.59573069,E,1,11,1.2,41.0741,M,-9.2908,M,,*42,1,-344.9,-29050.5,45299.8,1280.1,-29290.6,44706.4,674.4,-28895.8,45106.8,1553.5,-28864.6,45174.2,1,0.24,15.89,1
2022-05-22 00:19:22.210,0.000,0.000,0.000,0.00,0.00,0.00,0.00,0.00,0.00,0.00,0.00,0.000,0,061614.20,4000.00070411,N,11619.59575048,E,1,11,1.2,41.1015,M,-9.2908,M,,*40,1,595.9,-29507.1,44976.5,3217.6,-29712.4,44363.7,2624.9,-29363.3,44753.9,3487.5,-29292.8,44823.3,1,0.24,15.89,1
2022-05-22 00:19:22.413,0.000,0.000,0.000,0.00,0.00,0.00,0.00,0.00,0.00,0.00,0.00,0.000,0,061614.40,4000.00069949,N,11619.59575400,E,1,11,1.2,41.1094,M,-9.2908,M,,*4F,1,2550.0,-29279.6,45142.8,3290.2,-29474.9,44525.9,2696.6,-29125.0,44911.2,3548.3,-29065.2,44976.0,1,0.24,15.89,1
2022-05-22 00:19:22.600,0.000,0.000,0.000,0.00,0.00,0.00,0.00,0.00,0.00,0.00,0.00,0.000,0,061614.60,4000.00068723,N,11619.59579900,E,1,11,1.2,41.1375,M,-9.2908,M,,*43,1,2624.8,-29484.4,45072.5,2182.9,-29675.4,44450.9,1583.9,-29302.6,44840.6,2470.7,-29262.4,44909.6,1,0.24,15.89,1
2022-05-22 00:19:22.803,0.000,0.000,0.000,0.00,0.00,0.00,0.00,0.00,0.00,0.00,0.00,0.000,0,061614.80,4000.00067479,N,11619.59584564,E,1,11,1.2,41.1365,M,-9.2908,M,,*43,1,1508.4,-28604.4,45645.4,1562.0,-28812.5,45031.8,959.1,-28423.6,45415.4,1838.6,-28400.5,45488.3,1,0.24,15.89,1
2022-05-22 00:19:23.006,0.000,0.000,0.000,0.00,0.00,0.00,0.00,0.00,0.00,0.00,0.00,0.000,0,061615.00,4000.00066747,N,11619.59587800,E,1,11,1.2,41.1565,M,-9.2908,M,,*4F,1,882.4,-28456.5,45737.5,1743.7,-28660.1,45120.1,1143.8,-28276.3,45500.8,2023.6,-28248.1,45577.4,1,0.24,15.89,1
2022-05-22 00:19:23.209,0.000,0.000,0.000,0.00,0.00,0.00,0.00,0.00,0.00,0.00,0.00,0.000,0,061615.20,4000.00067671,N,11619.59586721,E,1,11,1.2,41.1318,M,-9.2908,M,,*49,1,1066.4,-28902.8,45463.4,1664.2,-29092.1,44840.5,1065.9,-28712.5,45219.5,1947.9,-28690.3,45296.1,1,0.24,15.89,1
2022-05-22 00:19:23.412,0.000,0.000,0.000,0.00,0.00,0.00,0.00,0.00,0.00,0.00,0.00,0.000,0,061615.40,4000.00068863,N,11619.59589303,E,1,11,1.2,41.1594,M,-9.2908,M,,*44,1,984.7,-29166.7,45193.8,3950.9,-29330.5,44564.4,3367.0,-29000.3,44931.5,4246.2,-28938.4,44998.1,1,0.24,15.89,1
2022-05-22 00:19:23.600,0.000,0.000,0.000,0.00,0.00,0.00,0.00,0.00,0.00,0.00,0.00,0.000,0,061615.60,4000.00068400,N,11619.59593325,E,1,11,1.2,41.1412,M,-9.2908,M,,*4F,1,3294.9,-27917.6,45763.0,6043.3,-28096.0,45146.0,5471.1,-27799.3,45493.6,6320.9,-27709.4,45557.4,1,0.24,15.89,1
2022-05-22 00:19:23.803,0.000,0.000,0.000,0.00,0.00,0.00,0.00,0.00,0.00,0.00,0.00,0.000,0,061615.80,4000.00069842,N,11619.59594303,E,1,11,1.2,41.1397,M,-9.2908,M,,*43,1,5414.1,-29266.2,45125.3,3712.3,-29442.6,44499.7,3130.7,-29094.3,44871.7,3979.7,-29034.4,44952.6,1,0.24,15.89,1
2022-05-22 00:19:24.006,0.000,0.000,0.000,0.00,0.00,0.00,0.00,0.00,0.00,0.00,0.00,0.000,0,061616.00,4000.00071370,N,11619.59595809,E,1,11,1.2,41.1739,M,-9.2908,M,,*4B,1,3065.2,-29959.4,44727.3,2555.4,-30138.0,44101.4,1967.6,-29764.2,44484.2,2820.2,-29739.1,44556.8,1,0.24,15.89,1
2022-05-22 00:19:24.209,0.000,0.000,0.000,0.00,0.00,0.00,0.00,0.00,0.00,0.00,0.00,0.000,0,061616.20,4000.00072423,N,11619.59595615,E,1,11,1.2,41.1308,M,-9.2908,M,,*4E,1,1897.8,-30456.5,44407.4,1773.8,-30636.8,43779.8,1182.8,-30251.3,44167.8,2046.7,-30242.0,44244.3,1,0.24,15.89,1
2022-05-22 00:19:24.412,0.000,0.000,0.000,0.00,0.00,0.00,0.00,0.00,0.00,0.00,0.00,0.000,0,061616.40,4000.00074334,N,11619.59597078,E,1,11,1.2,41.1673,M,-9.2908,M,,*49,1,1107.5,-31091.9,43912.4,2981.6,-31259.5,43278.0,2397.8,-30904.9,43660.4,3229.1,-30870.3,43737.9,1,0.24,15.89,1
2022-05-22 00:19:24.611,0.000,0.000,0.000,0.00,0.00,0.00,0.00,0.00,0.00,0.00,0.00,0.000,0,061616.60,4000.00075162,N,11619.59601541,E,1,11,1.2,41.1710,M,-9.2908,M,,*4C,1,2322.4,-29789.0,44787.1,2160.3,-30005.2,44169.9,1574.2,-29633.1,44547.9,2407.1,-29606.4,44641.1,1,0.24,15.89,1
2022-05-22 00:19:24.797,0.000,0.000,0.000,0.00,0.00,0.00,0.00,0.00,0.00,0.00,0.00,0.000,0,061616.80,4000.00077627,N,11619.59607841,E,1,12,1.2,41.1714,M,-9.2908,M,,*4A,1,1489.6,-29656.3,44870.6,728.4,-29896.0,44261.9,137.1,-29493.3,44649.8,984.7,-29482.2,44755.2,1,0.24,15.89,1
2022-05-22 00:19:25.000,0.000,0.000,0.000,0.00,0.00,0.00,0.00,0.00,0.00,0.00,0.00,0.000,0,061617.00,4000.00082366,N,11619.59615600,E,1,11,1.2,41.1583,M,-9.2908,M,,*4E,1,46.4,-30725.3,44141.5,876.2,-30949.7,43524.7,286.0,-30550.4,43923.0,1117.4,-30528.6,44032.9,1,0.24,15.89,1
2022-05-22 00:19:25.204,0.000,0.000,0.000,0.00,0.00,0.00,0.00,0.00,0.00,0.00,0.00,0.000,0,061617.20,4000.00093977,N,11619.59616059,E,1,12,1.1,41.1500,M,-9.2908,M,,*44,1,196.6,-30096.2,44490.4,-1294.4,-30360.4,43886.7,-1894.1,-29907.2,44297.6,-1018.3,-29930.6,44415.2,1,0.24,15.89,1
2022-05-22 00:19:25.407,0.000,0.000,0.000,0.00,0.00,0.00,0.00,0.00,0.00,0.00,0.00,0.000,0,061617.40,4000.00093323,N,11619.59621375,E,1,11,1.2,41.1532,M,-9.2908,M,,*41,1,-1987.3,-28134.6,45722.6,-1580.2,-28448.8,45141.3,-2184.1,-27971.1,45543.6,-1320.1,-27981.1,45683.6,1,0.24,15.89,1
2022-05-22 00:19:25.610,0.000,0.000,0.000,0.00,0.00,0.00,0.00,0.00,0.00,0.00,0.00,0.000,0,061617.60,4000.00096855,N,11619.59624864,E,1,11,1.2,41.1711,M,-9.2908,M,,*41,1,-2268.1,-28346.2,45591.8,-1397.5,-28678.1,44998.5,-1999.4,-28193.4,45412.2,-1143.5,-28192.0,45563.8,1,0.24,15.89,1
2022-05-22 00:19:25.798,0.000,0.000,0.000,0.00,0.00,0.00,0.00,0.00,0.00,0.00,0.00,0.000,0,061617.80,4000.00100783,N,11619.59630384,E,1,11,1.2,41.1953,M,-9.2908,M,,*4D,1,-2079.5,-28719.4,45397.3,-234.7,-29079.2,44787.3,-836.0,-28598.7,45210.1,11.6,-28565.3,45373.5,1,0.24,15.89,1
2022-05-22 00:19:26.010,0.000,0.000,0.000,0.00,0.00,0.00,0.00,0.00,0.00,0.00,0.00,0.000,0,061618.00,4000.00102471,N,11619.59637646,E,1,11,1.2,41.1963,M,-9.2908,M,,*49,1,-902.5,-28554.9,45515.1,1761.6,-28964.7,44930.8,1158.2,-28487.2,45331.4,2020.6,-28397.2,45499.0,1,0.24,15.89,1
2022-05-22 00:19:26.198,0.000,0.000,0.000,0.00,0.00,0.00,0.00,0.00,0.00,0.00,0.00,0.000,0,061618.20,4000.00108242,N,11619.59641582,E,1,11,1.2,41.2000,M,-9.2908,M,,*42,1,1121.5,-30467.7,44282.8,2081.7,-30892.9,43702.1,1480.5,-30385.9,44105.6,2355.3,-30271.8,44281.2,1,0.24,15.89,1
2022-05-22 00:19:26.402,0.000,0.000,0.000,0.00,0.00,0.00,0.00,0.00,0.00,0.00,0.00,0.000,0,061618.40,4000.00125369,N,11619.59638583,E,1,12,1.1,41.1844,M,-9.2908,M,,*47,1,1460.5,-31743.5,43439.9,583.4,-32280.6,42930.0,6.5,-31623.7,43298.9,937.5,-31535.6,43482.0,1,0.25,15.98,1
2022-05-22 00:19:26.605,0.000,0.000,0.000,0.00,0.00,0.00,0.00,0.00,0.00,0.00,0.00,0.000,0,061618.60,4000.00144040,N,11619.59634202,E,1,12,1.1,41.1108,M,-9.2908,M,,*49,1,24.3,-30268.1,44579.4,1053.0,-30896.3,44420.6,524.6,-30109.4,44519.2,1567.6,-29971.8,44685.1,1,0.25,15.98,1
2022-05-22 00:19:26.808,0.000,0.000,0.000,0.00,0.00,0.00,0.00,0.00,0.00,0.00,0.00,0.000,0,061618.80,4000.00148722,N,11619.59618637,E,1,12,1.1,41.0521,M,-9.2908,M,,*4A,1,619.6,-30485.9,44561.2,1335.6,-31076.4,44766.4,930.1,-30215.3,44537.9,2046.4,-30061.4,44712.6,1,0.25,15.98,1
2022-05-22 00:19:27.011,0.000,0.000,0.000,0.00,0.00,0.00,0.00,0.00,0.00,0.00,0.00,0.000,0,061619.00,4000.00141035,N,11619.59602487,E,1,12,1.1,41.1117,M,-9.2908,M,,*49,1,1070.6,-30531.2,44708.8,2094.1,-30759.5,45304.0,1924.7,-30053.7,44645.7,3087.5,-29930.1,44839.0,1,0.25,15.98,1
2022-05-22 00:19:27.199,0.000,0.000,0.000,0.00,0.00,0.00,0.00,0.00,0.00,0.00,0.00,0.000,0,061619.20,4000.00126392,N,11619.59600038,E,1,11,1.2,41.1575,M,-9.2908,M,,*46,1,2026.2,-28629.4,46116.4,2437.0,-28237.7,46395.1,2256.4,-28048.6,45832.2,3373.6,-27997.7,46042.4,1,0.25,15.98,1
2022-05-22 00:19:27.402,0.000,0.000,0.000,0.00,0.00,0.00,0.00,0.00,0.00,0.00,0.00,0.000,0,061619.40,4000.00121577,N,11619.59604477,E,1,11,1.2,41.2370,M,-9.2908,M,,*41,1,2073.3,-28675.0,46141.0,2718.4,-28175.4,46027.1,2375.8,-28172.9,45684.4,3440.8,-28136.6,45905.9,1,0.25,15.98,1
2022-05-22 00:19:27.611,0.000,0.000,0.000,0.00,0.00,0.00,0.00,0.00,0.00,0.00,0.00,0.000,0,061619.60,4000.00127538,N,11619.59613157,E,1,11,1.2,41.3406,M,-9.2908,M,,*48,1,2003.4,-29928.1,45241.6,1436.8,-29581.4,44857.1,1012.8,-29556.9,44766.0,1991.0,-29530.9,45000.4,1,0.24,15.90,1
2022-05-22 00:19:27.798,0.000,0.000,0.000,0.00,0.00,0.00,0.00,0.00,0.00,0.00,0.00,0.000,0,061619.80,4000.00129903,N,11619.59623639,E,1,11,1.2,41.4285,M,-9.2908,M,,*4A,1,562.9,-29197.2,45457.4,426.4,-29152.6,44910.6,-92.6,-29010.5,45069.5,822.8,-28979.1,45281.3,1,0.24,15.90,1
2022-05-22 00:19:28.003,0.000,0.000,0.000,0.00,0.00,0.00,0.00,0.00,0.00,0.00,0.00,0.000,0,061620.00,4000.00132636,N,11619.59631920,E,1,11,1.2,41.4725,M,-9.2908,M,,*40,1,-508.5,-28357.0,45849.5,1179.1,-28469.6,45283.1,615.2,-28261.1,45538.8,1495.7,-28199.8,45717.7,1,0.24,15.90,1
2022-05-22 00:19:28.206,0.000,0.000,0.000,0.00,0.00,0.00,0.00,0.00,0.00,0.00,0.00,0.000,0,061620.20,4000.00137323,N,11619.59636681,E,1,11,1.2,41.5448,M,-9.2908,M,,*4C,1,283.3,-29401.5,45135.8,2140.9,-29533.2,44565.0,1568.7,-29308.6,44860.4,2436.5,-29215.4,45015.9,1,0.24,15.90,1
2022-05-22 00:19:28.409,0.000,0.000,0.000,0.00,0.00,0.00,0.00,0.00,0.00,0.00,0.00,0.000,0,061620.40,4000.00141279,N,11619.59641774,E,1,11,1.2,41.5832,M,-9.2908,M,,*4F,1,1292.4,-29737.3,44866.8,2393.1,-29908.7,44300.7,1808.5,-29651.2,44629.9,2666.0,-29550.9,44759.9,1,0.24,15.90,1
2022-05-22 00:19:28.612,0.000,0.000,0.000,0.00,0.00,0.00,0.00,0.00,0.00,0.00,0.00,0.000,0,061620.60,4000.00141898,N,11619.59648860,E,1,11,1.2,41.6339,M,-9.2908,M,,*48,1,1581.0,-28401.1,45711.1,2112.8,-28630.7,45166.9,1508.2,-28323.3,45511.3,2364.3,-28227.5,45619.7,1,0.24,15.89,1
2022-05-22 00:19:28.799,0.000,0.000,0.000,0.00,0.00,0.00,0.00,0.00,0.00,0.00,0.00,0.000,0,061620.80,4000.00145700,N,11619.59654755,E,1,11,1.2,41.6571,M,-9.2908,M,,*42,1,1334.3,-29020.6,45316.6,2436.6,-29258.7,44763.1,1822.9,-28940.4,45117.6,2649.7,-28831.7,45220.7,1,0.24,15.89,1
2022-05-22 00:19:29.002,0.000,0.000,0.000,0.00,0.00,0.00,0.00,0.00,0.00,0.00,0.00,0.000,0,061621.00,4000.00149387,N,11619.59658727,E,1,11,1.2,41.7301,M,-9.2908,M,,*45,1,1678.2,-29738.4,44882.8,1064.2,-29983.5,44331.0,442.5,-29620.8,44701.3,1262.1,-29545.9,44791.9,1,0.24,15.89,1
2022-05-22 00:19:29.211,0.000,0.000,0.000,0.00,0.00,0.00,0.00,0.00,0.00,0.00,0.00,0.000,0,061621.20,4000.00149365,N,11619.59664200,E,1,11,1.2,41.7825,M,-9.2908,M,,*49,1,314.9,-28593.4,45623.8,97.7,-28850.8,45095.3,-525.5,-28450.6,45464.5,333.3,-28403.5,45542.5,1,0.24,15.89,1
2022-05-22 00:19:29.399,0.000,0.000,0.000,0.00,0.00,0.00,0.00,0.00,0.00,0.00,0.00,0.000,0,061621.40,4000.00151645,N,11619.59667734,E,1,11,1.2,41.8358,M,-9.2908,M,,*4E,1,-637.7,-29333.4,45167.9,223.6,-29571.5,44633.1,-393.7,-29172.7,45009.8,473.2,-29119.9,45085.3,1,0.24,15.89,1
2022-05-22 00:19:29.598,0.000,0.000,0.000,0.00,0.00,0.00,0.00,0.00,0.00,0.00,0.00,0.000,0,061621.60,4000.00154841,N,11619.59671446,E,1,11,1.2,41.9010,M,-9.2908,M,,*4C,1,-503.1,-30334.9,44513.2,1971.1,-30535.9,43968.8,1362.2,-30174.5,44348.1,2214.4,-30088.4,44409.5,1,0.24,15.89,1
2022-05-22 00:19:29.801,0.000,0.000,0.000,0.00,0.00,0.00,0.00,0.00,0.00,0.00,0.00,0.000,0,061621.80,4000.00153794,N,11619.59676277,E,1,11,1.2,41.9570,M,-9.2908,M,,*42,1,1260.7,-29602.7,44989.6,2514.5,-29802.8,44453.2,1908.0,-29441.9,44824.8,2765.7,-29361.6,44871.6,1,0.24,15.89,1
2022-05-22 00:19:30.004,0.000,0.000,0.000,0.00,0.00,0.00,0.00,0.00,0.00,0.00,0.00,0.000,0,061622.00,4000.00153603,N,11619.59680388,E,1,11,1.2,42.0033,M,-9.2908,M,,*46,1,1817.0,-28718.2,45570.6,2114.9,-28929.7,45042.4,1506.3,-28553.1,45406.4,2366.4,-28486.6,45456.6,1,0.24,15.89,1
2022-05-22 00:19:30.207,0.000,0.000,0.000,0.00,0.00,0.00,0.00,0.00,0.00,0.00,0.00,0.000,0,061622.20,4000.00154561,N,11619.59682362,E,1,11,1.2,42.0539,M,-9.2908,M,,*4D,1,1421.3,-29069.8,45361.4,959.7,-29287.3,44831.4,345.6,-28886.5,45200.3,1210.7,-28834.6,45260.2,1,0.24,15.89,1
2022-05-22 00:19:30.410,0.000,0.000,0.000,0.00,0.00,0.00,0.00,0.00,0.00,0.00,0.00,0.000,0,061622.40,4000.00164531,N,11619.59677086,E,1,11,1.2,42.0146,M,-9.2908,M,,*42,1,258.2,-28855.2,45472.7,-449.5,-29088.1,44944.9,-1071.2,-28655.9,45315.9,-169.9,-28636.4,45382.1,1,0.24,15.89,1
2022-05-22 00:19:30.606,0.000,0.000,0.000,0.00,0.00,0.00,0.00,0.00,0.00,0.00,0.00,0.000,0,061622.60,4000.00173509,N,11619.59670896,E,1,12,1.1,42.0239,M,-9.2908,M,,*48,1,-1160.1,-29286.9,45180.1,-877.7,-29523.3,44645.4,-1505.3,-29083.3,45024.5,-605.1,-29072.6,45091.1,1,0.24,15.89,1
2022-05-22 00:19:30.801,0.000,0.000,0.000,0.00,0.00,0.00,0.00,0.00,0.00,0.00,0.00,0.000,0,061622.80,4000.00190869,N,11619.59658974,E,1,12,1.1,41.9627,M,-9.2908,M,,*46,1,-1592.3,-30416.6,44427.3,-956.7,-30647.4,43881.0,-1590.0,-30207.6,44272.6,-687.4,-30198.1,44332.6,1,0.24,15.89,1
2022-05-22 00:19:31.003,0.000,0.000,0.000,0.00,0.00,0.00,0.00,0.00,0.00,0.00,0.00,0.000,0,061623.00,4000.00205706,N,11619.59651339,E,1,12,1.1,41.9310,M,-9.2908,M,,*4D,1,-1671.6,-30515.2,44367.9,2649.3,-30719.2,43809.8,2027.5,-30350.9,44202.3,2900.4,-30274.4,44235.5,1,0.24,15.89,1
2022-05-22 00:19:31.206,0.000,0.000,0.000,0.00,0.00,0.00,0.00,0.00,0.00,0.00,0.00,0.000,0,061623.20,4000.00219056,N,11619.59642902,E,1,12,1.1,41.8450,M,-9.2908,M,,*42,1,1966.1,-29891.9,44738.6,3695.5,-30096.8,44182.2,3081.8,-29743.6,44572.0,3945.4,-29651.9,44601.3,1,0.24,15.89,1
2022-05-22 00:19:31.409,0.000,0.000,0.000,0.00,0.00,0.00,0.00,0.00,0.00,0.00,0.00,0.000,0,061623.40,4000.00229249,N,11619.59637222,E,1,12,1.1,41.8260,M,-9.2908,M,,*45,1,3028.7,-29471.5,45093.0,1727.8,-29703.7,44544.5,1108.6,-29303.2,44938.4,1990.7,-29246.2,44979.6,1,0.24,15.89,1
2022-05-22 00:19:31.597,0.000,0.000,0.000,0.00,0.00,0.00,0.00,0.00,0.00,0.00,0.00,0.000,0,061623.60,4000.00238832,N,11619.59629683,E,1,12,1.1,41.7314,M,-9.2908,M,,*4C,1,1052.9,-29704.3,44949.5,585.6,-29945.0,44401.1,-35.8,-29518.9,44801.7,840.1,-29472.1,44857.7,1,0.24,15.89,1
2022-05-22 00:19:31.799,0.000,0.000,0.000,0.00,0.00,0.00,0.00,0.00,0.00,0.00,0.00,0.000,0,061623.80,4000.00246357,N,11619.59624070,E,1,12,1.1,41.7164,M,-9.2908,M,,*41,1,-94.1,-29215.5,45263.9,122.4,-29467.7,44722.8,-499.0,-29027.3,45122.4,391.1,-28996.1,45176.0,1,0.24,15.89,1
2022-05-22 00:19:32.003,0.000,0.000,0.000,0.00,0.00,0.00,0.00,0.00,0.00,0.00,0.00,0.000,0,061624.00,4000.00252810,N,11619.59622481,E,1,12,1.1,41.6781,M,-9.2908,M,,*43,1,-555.7,-29053.4,45337.6,2791.7,-29286.1,44797.7,2185.0,-28900.2,45187.5,3058.2,-28813.5,45231.9,1,0.24,15.89,1
2022-05-22 00:19:32.206,0.000,0.000,0.000,0.00,0.00,0.00,0.00,0.00,0.00,0.00,0.00,0.000,0,061624.20,4000.00256492,N,11619.59619556,E,1,12,1.1,41.6650,M,-9.2908,M,,*4D,1,2137.1,-28339.1,45765.4,3095.0,-28582.8,45231.7,2489.9,-28201.4,45615.1,3350.5,-28113.3,45659.2,1,0.24,15.89,1
2022-05-22 00:19:32.409,0.000,0.000,0.000,0.00,0.00,0.00,0.00,0.00,0.00,0.00,0.00,0.000,0,061624.40,4000.00246634,N,11619.59625174,E,1,11,1.2,41.7060,M,-9.2908,M,,*4B,1,2443.1,-27852.9,46075.1,2294.6,-28122.4,45542.3,1682.6,-27723.1,45927.1,2556.6,-27646.3,45982.9,1,0.24,15.89,1
2022-05-22 00:19:32.612,0.000,0.000,0.000,0.00,0.00,0.00,0.00,0.00,0.00,0.00,0.00,0.000,0,061624.60,4000.00235559,N,11619.59632618,E,1,11,1.2,41.7798,M,-9.2908,M,,*4E,1,1636.6,-27907.5,45983.0,3221.6,-28187.8,45435.8,2614.3,-27805.9,45821.5,3486.2,-27717.5,45885.7,1,0.25,15.89,1
2022-05-22 00:19:32.799,0.000,0.000,0.000,0.00,0.00,0.00,0.00,0.00,0.00,0.00,0.00,0.000,0,061624.80,4000.00229979,N,11619.59634570,E,1,11,1.2,41.8433,M,-9.2908,M,,*45,1,2581.1,-30038.9,44637.8,3146.5,-30306.1,44034.5,2544.5,-29909.1,44442.1,3409.1,-29844.2,44524.6,1,0.25,15.89,1
2022-05-22 00:19:33.002,0.000,0.000,0.000,0.00,0.00,0.00,0.00,0.00,0.00,0.00,0.00,0.000,0,061625.00,4000.00221044,N,11619.59638018,E,1,11,1.2,41.9295,M,-9.2908,M,,*4F,1,2539.6,-31575.4,43665.4,1886.5,-31832.0,42994.6,1284.9,-31376.1,43443.6,2139.1,-31397.4,43513.6,1,0.25,15.89,1
2022-05-22 00:19:33.205,0.000,0.000,0.000,0.00,0.00,0.00,0.00,0.00,0.00,0.00,0.00,0.000,0,061625.20,4000.00209453,N,11619.59643678,E,1,11,1.2,41.9669,M,-9.2908,M,,*4E,1,1316.9,-30493.8,44433.3,2594.6,-30755.9,43742.8,2007.8,-30272.3,44203.4,2860.8,-30326.5,44256.9,1,0.25,15.89,1
2022-05-22 00:19:33.408,0.000,0.000,0.000,0.00,0.00,0.00,0.00,0.00,0.00,0.00,0.00,0.000,0,061625.40,4000.00198116,N,11619.59649264,E,1,11,1.2,42.0165,M,-9.2908,M,,*45,1,2080.0,-28792.4,45405.4,5192.5,-29037.0,44719.5,4655.2,-28560.2,45178.8,5473.3,-28603.4,45221.7,1,0.25,15.89,1
2022-05-22 00:19:33.604,0.000,0.000,0.000,0.00,0.00,0.00,0.00,0.00,0.00,0.00,0.00,0.000,0,061625.60,4000.00188421,N,11619.59652083,E,1,11,1.2,42.0756,M,-9.2908,M,,*40,1,4763.4,-28591.7,45597.3,5509.8,-28766.1,44884.7,5031.6,-28242.5,45412.0,5679.4,-28336.4,45418.9,1,0.24,15.89,1
2022-05-22 00:19:33.803,0.000,0.000,0.000,0.00,0.00,0.00,0.00,0.00,0.00,0.00,0.00,0.000,0,061625.80,4000.00176530,N,11619.59655968,E,1,11,1.2,42.1157,M,-9.2908,M,,*43,1,5132.6,-27365.5,46585.3,3611.9,-27473.7,45891.1,3207.7,-26882.7,46521.9,3858.0,-27043.9,46429.2,1,0.24,15.89,1
2022-05-22 00:19:34.005,0.000,0.000,0.000,0.00,0.00,0.00,0.00,0.00,0.00,0.00,0.00,0.000,0,061626.00,4000.00165973,N,11619.59661221,E,1,11,1.2,42.1193,M,-9.2908,M,,*48,1,3216.6,-27898.0,46211.5,3511.3,-27942.5,45655.7,3231.1,-27535.8,46316.8,3747.0,-27488.2,46184.8,1,0.24,15.89,1
2022-05-22 00:19:34.209,0.000,0.000,0.000,0.00,0.00,0.00,0.00,0.00,0.00,0.00,0.00,0.000,0,061626.20,4000.00159335,N,11619.59663301,E,1,11,1.2,42.2030,M,-9.2908,M,,*47,1,2934.7,-29668.0,44999.2,2960.2,-29781.9,44492.0,2608.8,-29556.6,45024.3,3194.6,-29323.1,45009.0,1,0.24,15.89,1
2022-05-22 00:19:34.412,0.000,0.000,0.000,0.00,0.00,0.00,0.00,0.00,0.00,0.00,0.00,0.000,0,061626.40,4000.00150095,N,11619.59666202,E,1,11,1.2,42.2500,M,-9.2908,M,,*40,1,2258.2,-30082.3,44631.5,3337.8,-30247.4,44119.5,2894.0,-30046.0,44535.4,3605.9,-29795.1,44613.9,1,0.24,15.89,1
2022-05-22 00:19:34.599,0.000,0.000,0.000,0.00,0.00,0.00,0.00,0.00,0.00,0.00,0.00,0.000,0,061626.60,4000.00138628,N,11619.59669777,E,1,11,1.2,42.2815,M,-9.2908,M,,*4D,1,2626.6,-28723.6,45401.3,4396.7,-28922.3,44892.4,3907.5,-28708.4,45248.2,4692.1,-28472.0,45355.8,1,0.24,15.89,1
2022-05-22 00:19:34.802,0.000,0.000,0.000,0.00,0.00,0.00,0.00,0.00,0.00,0.00,0.00,0.000,0,061626.80,4000.00131460,N,11619.59672984,E,1,11,1.2,42.3515,M,-9.2908,M,,*40,1,3706.9,-28660.8,45246.5,6158.1,-28858.3,44722.6,5635.7,-28643.3,45039.5,6470.1,-28406.1,45167.4,1,0.24,15.89,1
2022-05-22 00:19:35.005,0.000,0.000,0.000,0.00,0.00,0.00,0.00,0.00,0.00,0.00,0.00,0.000,0,061627.00,4000.00123275,N,11619.59675261,E,1,11,1.2,42.4046,M,-9.2908,M,,*4B,1,5498.8,-28032.3,45652.0,5812.7,-28250.1,45125.5,5265.9,-27998.7,45432.7,6121.1,-27798.9,45563.3,1,0.24,15.89,1
2022-05-22 00:19:35.208,0.000,0.000,0.000,0.00,0.00,0.00,0.00,0.00,0.00,0.00,0.00,0.000,0,061627.20,4000.00111562,N,11619.59680211,E,1,11,1.2,42.4803,M,-9.2908,M,,*4D,1,5159.8,-26471.0,46626.9,5077.1,-26724.1,46109.4,4513.2,-26428.3,46412.9,5412.7,-26264.7,46540.1,1,0.24,15.89,1
2022-05-22 00:19:35.411,0.000,0.000,0.000,0.00,0.00,0.00,0.00,0.00,0.00,0.00,0.00,0.000,0,061627.40,4000.00106123,N,11619.59681157,E,1,11,1.2,42.5251,M,-9.2908,M,,*40,1,4429.7,-27678.9,45945.0,4942.3,-27916.4,45403.0,4367.8,-27599.1,45729.3,5214.7,-27456.9,45848.3,1,0.24,15.89,1
2022-05-22 00:19:35.599,0.000,0.000,0.000,0.00,0.00,0.00,0.00,0.00,0.00,0.00,0.00,0.000,0,061627.60,4000.00100746,N,11619.59680908,E,1,11,1.2,42.5587,M,-9.2908,M,,*4E,1,4299.7,-28971.5,45205.4,4385.1,-29195.7,44633.7,3808.0,-28862.1,44982.2,4681.1,-28751.7,45085.7,1,0.25,15.89,1
2022-05-22 00:19:35.802,0.000,0.000,0.000,0.00,0.00,0.00,0.00,0.00,0.00,0.00,0.00,0.000,0,061627.80,4000.00091597,N,11619.59682889,E,1,11,1.2,42.5824,M,-9.2908,M,,*49,1,3740.3,-28501.0,45517.0,4327.1,-28728.8,44935.9,3749.7,-28389.4,45284.7,4625.0,-28296.8,45380.0,1,0.25,15.89,1
2022-05-22 00:19:36.005,0.000,0.000,0.000,0.00,0.00,0.00,0.00,0.00,0.00,0.00,0.00,0.000,0,061628.00,4000.00085776,N,11619.59685057,E,1,11,1.2,42.6105,M,-9.2908,M,,*43,1,3684.7,-28420.6,45402.4,6371.1,-28612.0,44810.6,5805.4,-28315.9,45147.3,6676.6,-28192.0,45229.3,1,0.25,15.89,1
2022-05-22 00:19:36.210,0.000,0.000,0.000,0.00,0.00,0.00,0.00,0.00,0.00,0.00,0.00,0.000,0,061628.20,4000.00083202,N,11619.59685852,E,1,11,1.2,42.6379,M,-9.2908,M,,*45,1,5752.4,-29203.4,44805.6,7436.8,-29351.3,44207.0,6873.3,-29074.2,44545.6,7723.8,-28941.6,44608.6,1,0.25,15.89,1
2022-05-22 00:19:36.398,0.000,0.000,0.000,0.00,0.00,0.00,0.00,0.00,0.00,0.00,0.00,0.000,0,061628.40,4000.00079055,N,11619.59686224,E,1,11,1.2,42.6712,M,-9.2908,M,,*47,1,6830.4,-29058.1,45100.6,5970.5,-29216.7,44504.7,5399.4,-28904.5,44849.9,6262.0,-28806.2,44910.7,1,0.25,15.89,1
2022-05-22 00:19:36.596,0.000,0.000,0.000,0.00,0.00,0.00,0.00,0.00,0.00,0.00,0.00,0.000,0,061628.60,4000.00075388,N,11619.59687178,E,1,11,1.2,42.6973,M,-9.2908,M,,*48,1,5351.5,-28548.4,45528.9,4906.5,-28725.0,44936.8,4330.4,-28388.2,45283.0,5217.8,-28308.9,45349.6,1,0.24,15.89,1
2022-05-22 00:19:36.799,0.000,0.000,0.000,0.00,0.00,0.00,0.00,0.00,0.00,0.00,0.00,0.000,0,061628.80,4000.00073267,N,11619.59684147,E,1,11,1.2,42.7507,M,-9.2908,M,,*41,1,4278.7,-28412.5,45719.0,3415.6,-28604.3,45129.5,2833.1,-28235.6,45482.4,3726.8,-28183.9,45556.6,1,0.24,15.89,1
2022-05-22 00:19:37.002,0.000,0.000,0.000,0.00,0.00,0.00,0.00,0.00,0.00,0.00,0.00,0.000,0,061629.00,4000.00070850,N,11619.59680184,E,1,11,1.2,42.7705,M,-9.2908,M,,*4E,1,2774.3,-28770.5,45510.5,3317.7,-28953.1,44924.6,2735.6,-28581.9,45280.2,3628.3,-28534.1,45348.0,1,0.24,15.89,1
2022-05-22 00:19:37.205,0.000,0.000,0.000,0.00,0.00,0.00,0.00,0.00,0.00,0.00,0.00,0.000,0,061629.20,4000.00068198,N,11619.59673642,E,1,11,1.2,42.8041,M,-9.2908,M,,*41,1,2676.6,-29710.4,44943.0,2834.9,-29877.4,44359.3,2250.8,-29498.0,44722.5,3145.3,-29457.5,44784.1,1,0.24,15.89,1
2022-05-22 00:19:37.408,0.000,0.000,0.000,0.00,0.00,0.00,0.00,0.00,0.00,0.00,0.00,0.000,0,061629.40,4000.00066562,N,11619.59669129,E,1,11,1.2,42.8299,M,-9.2908,M,,*4E,1,2188.7,-29730.5,44822.4,4621.5,-29882.9,44248.5,4042.7,-29538.1,44599.9,4937.2,-29457.5,44649.2,1,0.24,15.89,1
2022-05-22 00:19:37.596,0.000,0.000,0.000,0.00,0.00,0.00,0.00,0.00,0.00,0.00,0.00,0.000,0,061629.60,4000.00064605,N,11619.59668296,E,1,11,1.2,42.8306,M,-9.2908,M,,*4D,1,3992.6,-28856.3,45110.1,7177.1,-28999.3,44553.5,6604.6,-28706.0,44880.2,7482.7,-28580.2,44914.6,1,0.25,15.90,1
2022-05-22 00:19:37.799,0.000,0.000,0.000,0.00,0.00,0.00,0.00,0.00,0.00,0.00,0.00,0.000,0,061629.80,4000.00063415,N,11619.59665312,E,1,11,1.2,42.8695,M,-9.2908,M,,*48,1,6568.1,-29123.2,45119.0,5730.1,-29275.8,44562.3,5148.2,-28953.3,44895.3,5982.8,-28852.3,44943.4,1,0.25,15.90,1
2022-05-22 00:19:38.002,0.000,0.000,0.000,0.00,0.00,0.00,0.00,0.00,0.00,0.00,0.00,0.000,0,061630.00,4000.00062793,N,11619.59662608,E,1,11,1.2,42.9023,M,-9.2908,M,,*47,1,5102.6,-29677.8,44981.3,2840.3,-29849.4,44421.0,2243.7,-29469.2,44769.7,3162.5,-29414.9,44826.9,1,0.25,15.90,1
2022-05-22 00:19:38.206,0.000,0.000,0.000,0.00,0.00,0.00,0.00,0.00,0.00,0.00,0.00,0.000,0,061630.20,4000.00062734,N,11619.59659172,E,1,11,1.2,42.9024,M,-9.2908,M,,*4D,1,2183.2,-29622.8,45021.4,2754.6,-29797.3,44460.8,2150.3,-29419.2,44808.5,3022.9,-29372.8,44863.9,1,0.25,15.90,1
2022-05-22 00:19:38.409,0.000,0.000,0.000,0.00,0.00,0.00,0.00,0.00,0.00,0.00,0.00,0.000,0,061630.40,4000.00064583,N,11619.59654565,E,1,11,1.2,42.9454,M,-9.2908,M,,*4F,1,2090.4,-30780.5,44251.5,2526.2,-30940.8,43681.6,1917.3,-30564.0,44037.7,2793.3,-30516.0,44091.5,1,0.25,15.90,1
2022-05-22 00:19:38.596,0.000,0.000,0.000,0.00,0.00,0.00,0.00,0.00,0.00,0.00,0.00,0.000,0,061630.60,4000.00065190,N,11619.59654341,E,1,11,1.2,42.9752,M,-9.2908,M,,*4F,1,1855.0,-30293.6,44566.5,2500.7,-30471.9,44000.5,1889.4,-30096.4,44345.3,2773.8,-30049.8,44404.1,1,0.24,15.89,1
2022-05-22 00:19:38.805,0.000,0.000,0.000,0.00,0.00,0.00,0.00,0.00,0.00,0.00,0.00,0.000,0,061630.80,4000.00066035,N,11619.59654430,E,1,11,1.2,42.9581,M,-9.2908,M,,*41,1,1826.1,-29592.6,45016.2,2467.9,-29790.2,44459.0,1853.5,-29416.5,44796.7,2738.3,-29364.0,44864.2,1,0.24,15.89,1
2022-05-22 00:19:38.993,0.000,0.000,0.000,0.00,0.00,0.00,0.00,0.00,0.00,0.00,0.00,0.000,0,061631.00,4000.00053164,N,11619.59628439,E,1,11,1.2,43.2681,M,-9.2908,M,,*40,1,1788.2,-30618.1,44335.7,2049.9,-30809.2,43770.2,1430.3,-30430.8,44119.4,2284.9,-30374.2,44192.9,1,0.24,15.89,1
2022-05-22 00:19:39.205,0.000,0.000,0.000,0.00,0.00,0.00,0.00,0.00,0.00,0.00,0.00,0.000,0,061631.20,4000.00051221,N,11619.59622028,E,1,11,1.2,43.3690,M,-9.2908,M,,*4D,1,1362.8,-30809.8,44197.8,1089.1,-31015.5,43640.8,464.2,-30617.8,43991.0,1317.0,-30572.3,44071.1,1,0.24,15.89,1
2022-05-22 00:19:39.405,0.000,0.000,0.000,0.00,0.00,0.00,0.00,0.00,0.00,0.00,0.00,0.000,0,061631.40,4000.00052862,N,11619.59625120,E,1,11,1.2,43.3764,M,-9.2908,M,,*41,1,391.1,-28860.1,45442.9,-587.0,-29108.7,44919.4,-1217.9,-28672.7,45258.7,-319.0,-28657.9,45346.5,1,0.24,15.89,1
2022-05-22 00:19:39.603,0.000,0.000,0.000,0.00,0.00,0.00,0.00,0.00,0.00,0.00,0.00,0.000,0,061631.60,4000.00056915,N,11619.59628811,E,1,11,1.2,43.3861,M,-9.2908,M,,*4A,1,-1298.6,-28014.1,45989.5,145.6,-28260.8,45474.6,-481.5,-27843.9,45807.7,416.6,-27801.9,45897.1,1,0.24,15.89,1
2022-05-22 00:19:39.806,0.000,0.000,0.000,0.00,0.00,0.00,0.00,0.00,0.00,0.00,0.00,0.000,0,061631.80,4000.00059143,N,11619.59617489,E,1,11,1.2,43.5112,M,-9.2908,M,,*4A,1,-562.3,-29215.2,45248.5,1789.8,-29424.7,44722.5,1170.5,-29050.5,45058.8,2019.5,-28967.2,45141.6,1,0.24,15.89,1
2022-05-22 00:19:39.993,0.000,0.000,0.000,0.00,0.00,0.00,0.00,0.00,0.00,0.00,0.00,0.000,0,061632.00,4000.00063153,N,11619.59620988,E,1,11,1.2,43.5398,M,-9.2908,M,,*41,1,1089.1,-29101.2,45328.3,1089.0,-29315.9,44804.6,472.6,-28929.0,45143.1,1389.5,-28867.6,45221.5,1,0.24,15.89,1
2022-05-22 00:19:40.197,0.000,0.000,0.000,0.00,0.00,0.00,0.00,0.00,0.00,0.00,0.00,0.000,0,061632.20,4000.00065829,N,11619.59626232,E,1,11,1.2,43.5132,M,-9.2908,M,,*4F,1,383.0,-28743.9,45557.3,1523.2,-28957.2,45031.3,908.0,-28578.7,45372.7,1811.1,-28510.6,45445.0,1,0.24,15.89,1
2022-05-22 00:19:40.403,0.000,0.000,0.000,0.00,0.00,0.00,0.00,0.00,0.00,0.00,0.00,0.000,0,061632.40,4000.00064929,N,11619.59610548,E,1,11,1.2,43.7197,M,-9.2908,M,,*4B,1,820.7,-29888.9,44828.8,1282.5,-30087.1,44289.4,663.4,-29706.4,44641.8,1509.3,-29637.2,44717.3,1,0.24,15.89,1
2022-05-22 00:19:40.606,0.000,0.000,0.000,0.00,0.00,0.00,0.00,0.00,0.00,0.00,0.00,0.000,0,061632.60,4000.00070394,N,11619.59613738,E,1,11,1.2,43.7399,M,-9.2908,M,,*4A,1,574.8,-29783.8,44838.3,-1402.3,-30009.0,44303.6,-2024.9,-29572.5,44660.5,-1122.4,-29562.2,44747.6,1,0.24,15.89,1
2022-05-22 00:19:40.809,0.000,0.000,0.000,0.00,0.00,0.00,0.00,0.00,0.00,0.00,0.00,0.000,0,061632.80,4000.00072982,N,11619.59618906,E,1,11,1.2,43.7055,M,-9.2908,M,,*40,1,-2129.0,-28331.2,45770.8,-1297.2,-28572.9,45249.8,-1914.1,-28134.7,45597.4,-1026.3,-28120.6,45689.9,1,0.24,15.89,1
2022-05-22 00:19:40.997,0.000,0.000,0.000,0.00,0.00,0.00,0.00,0.00,0.00,0.00,0.00,0.000,0,061633.00,4000.00068835,N,11619.59584608,E,1,11,1.2,44.0894,M,-9.2908,M,,*4D,1,-2020.8,-28977.0,45426.1,550.1,-29190.0,44899.6,-53.1,-28791.0,45246.2,825.3,-28734.9,45331.6,1,0.24,15.89,1
2022-05-22 00:19:41.203,0.000,0.000,0.000,0.00,0.00,0.00,0.00,0.00,0.00,0.00,0.00,0.000,0,061633.20,4000.00066967,N,11619.59556748,E,1,11,1.2,44.4512,M,-9.2908,M,,*4A,1,-157.8,-28975.1,45428.1,628.3,-29185.3,44906.6,38.0,-28782.1,45251.7,924.8,-28729.7,45338.1,1,0.24,15.89,1
2022-05-22 00:19:41.395,0.000,0.000,0.000,0.00,0.00,0.00,0.00,0.00,0.00,0.00,0.00,0.000,0,061633.40,4000.00063736,N,11619.59537418,E,1,11,1.2,44.7373,M,-9.2908,M,,*40,1,-71.3,-27732.0,46192.9,385.8,-27959.3,45680.4,-209.9,-27541.6,46021.7,666.0,-27502.5,46107.8,1,0.24,15.89,1
2022-05-22 00:19:41.598,0.000,0.000,0.000,0.00,0.00,0.00,0.00,0.00,0.00,0.00,0.00,0.000,0,061633.60,4000.00065023,N,11619.59524791,E,1,11,1.2,45.0299,M,-9.2908,M,,*44,1,-310.8,-28393.4,45799.3,1591.6,-28602.9,45271.8,992.4,-28210.7,45617.9,1857.0,-28150.7,45694.2,1,0.24,15.90,1
2022-05-22 00:19:41.801,0.000,0.000,0.000,0.00,0.00,0.00,0.00,0.00,0.00,0.00,0.00,0.000,0,061633.80,4000.00073348,N,11619.59533881,E,1,11,1.2,45.0195,M,-9.2908,M,,*44,1,901.6,-29916.5,44794.4,-817.2,-30127.1,44253.1,-1424.8,-29686.5,44620.5,-529.0,-29671.5,44709.1,1,0.24,15.90,1
2022-05-22 00:19:42.004,0.000,0.000,0.000,0.00,0.00,0.00,0.00,0.00,0.00,0.00,0.00,0.000,0,061634.00,4000.00098956,N,11619.59533516,E,1,12,1.1,44.8660,M,-9.2908,M,,*4C,1,-1525.5,-29329.1,45112.4,-1983.8,-29561.9,44574.6,-2599.2,-29091.3,44943.1,-1704.6,-29110.7,45032.7,1,0.24,15.90,1
2022-05-22 00:19:42.207,0.000,0.000,0.000,0.00,0.00,0.00,0.00,0.00,0.00,0.00,0.00,0.000,0,061634.20,4000.00121903,N,11619.59532988,E,1,12,1.1,44.6329,M,-9.2908,M,,*41,1,-2697.6,-28715.7,45527.9,-1473.4,-28956.9,44992.1,-2091.2,-28493.7,45354.4,-1211.1,-28500.9,45445.0,1,0.24,15.90,1
2022-05-22 00:19:42.395,0.000,0.000,0.000,0.00,0.00,0.00,0.00,0.00,0.00,0.00,0.00,0.000,0,061634.40,4000.00125864,N,11619.59542955,E,1,11,1.2,44.6624,M,-9.2908,M,,*4C,1,-2182.6,-29077.6,45356.5,284.5,-29301.4,44817.0,-332.5,-28876.5,45172.9,545.4,-28848.1,45254.8,1,0.24,15.90,1
2022-05-22 00:19:42.595,0.000,0.000,0.000,0.00,0.00,0.00,0.00,0.00,0.00,0.00,0.00,0.000,0,061634.60,4000.00129301,N,11619.59550753,E,1,11,1.2,44.6086,M,-9.2908,M,,*4F,1,-413.7,-29589.6,45023.9,523.1,-29808.9,44481.8,-89.8,-29390.9,44837.7,776.0,-29356.9,44919.0,1,0.24,15.90,1
2022-05-22 00:19:42.798,0.000,0.000,0.000,0.00,0.00,0.00,0.00,0.00,0.00,0.00,0.00,0.000,0,061634.80,4000.00130377,N,11619.59557940,E,1,11,1.2,44.5386,M,-9.2908,M,,*43,1,-173.4,-28667.8,45595.7,-64.1,-28906.9,45066.3,-679.0,-28474.2,45418.8,225.6,-28450.9,45502.6,1,0.24,15.90,1
2022-05-22 00:19:43.001,0.000,0.000,0.000,0.00,0.00,0.00,0.00,0.00,0.00,0.00,0.00,0.000,0,061635.00,4000.00135249,N,11619.59566297,E,1,11,1.2,44.5017,M,-9.2908,M,,*4B,1,-762.0,-29680.2,44962.7,938.4,-29895.4,44420.2,324.3,-29488.4,44781.2,1206.8,-29435.8,44859.5,1,0.24,15.90,1
2022-05-22 00:19:43.202,0.000,0.000,0.000,0.00,0.00,0.00,0.00,0.00,0.00,0.00,0.00,0.000,0,061635.20,4000.00140654,N,11619.59571178,E,1,11,1.2,44.4763,M,-9.2908,M,,*42,1,246.0,-30858.1,44160.8,-31.0,-31062.4,43608.2,-648.4,-30640.7,43982.0,225.3,-30610.6,44058.6,1,0.24,15.90,1
2022-05-22 00:19:43.406,0.000,0.000,0.000,0.00,0.00,0.00,0.00,0.00,0.00,0.00,0.00,0.000,0,061635.40,4000.00142684,N,11619.59577451,E,1,11,1.2,44.4451,M,-9.2908,M,,*41,1,-732.4,-30186.3,44524.0,-2085.8,-30408.2,43976.4,-2706.4,-29950.0,44356.3,-1828.0,-29962.9,44439.7,1,0.24,15.90,1
2022-05-22 00:19:43.609,0.000,0.000,0.000,0.00,0.00,0.00,0.00,0.00,0.00,0.00,0.00,0.000,0,061635.60,4000.00143645,N,11619.59583819,E,1,11,1.2,44.3670,M,-9.2908,M,,*42,1,-2802.8,-28188.4,45851.6,-1253.8,-28431.0,45302.1,-1864.1,-27990.3,45683.6,-1048.1,-27990.1,45761.5,1,0.24,15.90,1
2022-05-22 00:19:43.796,0.000,0.000,0.000,0.00,0.00,0.00,0.00,0.00,0.00,0.00,0.00,0.000,0,061635.80,4000.00147633,N,11619.59586020,E,1,11,1.2,44.3309,M,-9.2908,M,,*45,1,-1964.2,-28798.1,45462.4,-1361.4,-29038.4,44892.0,-1961.0,-28600.9,45298.6,-1128.0,-28586.0,45382.8,1,0.24,15.90,1
2022-05-22 00:19:43.999,0.000,0.000,0.000,0.00,0.00,0.00,0.00,0.00,0.00,0.00,0.00,0.000,0,061636.00,4000.00150829,N,11619.59589808,E,1,12,1.2,44.3270,M,-9.2908,M,,*4C,1,-2071.6,-28946.5,45404.2,-159.7,-29194.7,44824.7,-748.8,-28772.5,45251.1,71.0,-28732.0,45320.3,1,0.24,15.90,1
2022-05-22 00:19:44.202,0.000,0.000,0.000,0.00,0.00,0.00,0.00,0.00,0.00,0.00,0.00,0.000,0,061636.20,4000.00150209,N,11619.59594654,E,1,12,1.2,44.2759,M,-9.2908,M,,*42,1,-856.7,-27503.2,46286.8,-64.2,-27785.5,45746.3,-664.9,-27338.1,46158.3,197.8,-27305.9,46218.5,1,0.24,15.90,1
2022-05-22 00:19:44.405,0.000,0.000,0.000,0.00,0.00,0.00,0.00,0.00,0.00,0.00,0.00,0.000,0,061636.40,4000.00150829,N,11619.59597953,E,1,12,1.2,44.2117,M,-9.2908,M,,*4B,1,-749.5,-27931.2,46037.1,323.6,-28204.3,45501.4,-273.1,-27763.5,45911.0,591.9,-27713.5,45973.1,1,0.24,15.90,1
2022-05-22 00:19:44.608,0.000,0.000,0.000,0.00,0.00,0.00,0.00,0.00,0.00,0.00,0.00,0.000,0,061636.60,4000.00150018,N,11619.59600512,E,1,12,1.2,44.1810,M,-9.2908,M,,*4A,1,-353.7,-27801.4,46113.4,888.4,-28076.2,45582.2,295.6,-27642.6,45990.4,1114.7,-27582.8,46047.3,1,0.25,15.90,1
2022-05-22 00:19:44.796,0.000,0.000,0.000,0.00,0.00,0.00,0.00,0.00,0.00,0.00,0.00,0.000,0,061636.80,4000.00148179,N,11619.59604885,E,1,12,1.2,44.1910,M,-9.2908,M,,*4D,1,218.3,-27161.7,46497.6,962.0,-27436.6,45972.1,361.2,-27002.5,46371.5,1222.5,-26946.6,46428.5,1,0.25,15.90,1
2022-05-22 00:19:45.002,0.000,0.000,0.000,0.00,0.00,0.00,0.00,0.00,0.00,0.00,0.00,0.000,0,061637.00,4000.00149392,N,11619.59609013,E,1,11,1.2,44.1608,M,-9.2908,M,,*4D,1,292.1,-28176.9,45868.9,2585.4,-28420.0,45322.8,1995.5,-28030.4,45726.6,2829.2,-27937.6,45777.9,1,0.25,15.90,1
