2022-05-22 00:20:31.991,0.000,0.000,0.000,0.00,0.00,0.00,0.00,0.00,0.00,0.00,0.00,0.000,0,061724.00,4000.00164358,N,11619.59609298,E,1,11,1.2,38.1470,M,-9.2908,M,,*40,1,6157.9,-29024.5,45131.6,6672.1,-29172.2,44584.6,6121.0,-28877.2,44958.3,6979.8,-28734.0,44959.8,1,0.25,15.84,1
2022-05-22 00:20:32.194,0.000,0.000,0.000,0.00,0.00,0.00,0.00,0.00,0.00,0.00,0.00,0.000,0,061724.20,4000.00167988,N,11619.59605716,E,1,11,1.2,38.0533,M,-9.2908,M,,*4E,1,6058.2,-28981.7,44774.4,9181.1,-29096.1,44224.9,8640.7,-28855.3,44583.7,9450.0,-28664.5,44589.3,1,0.25,15.84,1
2022-05-22 00:20:32.397,0.000,0.000,0.000,0.00,0.00,0.00,0.00,0.00,0.00,0.00,0.00,0.000,0,061724.40,4000.00166367,N,11619.59604622,E,1,12,1.1,38.0147,M,-9.2908,M,,*42,1,8590.1,-27806.6,45634.1,8458.7,-27943.4,45088.5,7913.8,-27680.0,45437.4,8765.9,-27519.2,45439.0,1,0.25,15.84,1
2022-05-22 00:20:32.600,0.000,0.000,0.000,0.00,0.00,0.00,0.00,0.00,0.00,0.00,0.00,0.000,0,061724.60,4000.00161705,N,11619.59609760,E,1,12,1.1,38.0377,M,-9.2908,M,,*4C,1,7864.0,-26418.2,46498.1,8139.2,-26576.3,45963.4,7591.9,-26302.0,46300.4,8452.6,-26137.0,46316.1,1,0.25,15.84,1
2022-05-22 00:20:32.803,0.000,0.000,0.000,0.00,0.00,0.00,0.00,0.00,0.00,0.00,0.00,0.000,0,061724.80,4000.00159752,N,11619.59613349,E,1,12,1.1,38.0630,M,-9.2908,M,,*49,1,7544.3,-27036.5,46188.4,7882.9,-27189.1,45650.0,7334.8,-26911.9,45996.0,8198.0,-26740.4,46014.0,1,0.25,15.84,1
2022-05-22 00:20:32.990,0.000,0.000,0.000,0.00,0.00,0.00,0.00,0.00,0.00,0.00,0.00,0.000,0,061725.00,4000.00158040,N,11619.59615563,E,1,11,1.3,38.0524,M,-9.2908,M,,*4A,1,7283.7,-27157.5,46154.5,7652.7,-27312.0,45618.8,7101.5,-27030.0,45968.9,7973.0,-26864.4,45980.0,1,0.25,15.84,1
2022-05-22 00:20:33.193,0.000,0.000,0.000,0.00,0.00,0.00,0.00,0.00,0.00,0.00,0.00,0.000,0,061725.20,4000.00154336,N,11619.59614464,E,1,11,1.3,38.0415,M,-9.2908,M,,*42,1,7050.1,-27024.3,46244.9,7551.5,-27183.8,45714.7,7000.1,-26898.5,46066.3,7864.0,-26726.5,46078.7,1,0.25,15.84,1
2022-05-22 00:20:33.397,0.000,0.000,0.000,0.00,0.00,0.00,0.00,0.00,0.00,0.00,0.00,0.000,0,061725.40,4000.00145914,N,11619.59615187,E,1,13,1.1,38.0537,M,-9.2908,M,,*46,1,6947.7,-25194.6,47332.9,6965.4,-25390.6,46824.3,6414.8,-25085.8,47163.0,7278.8,-24927.0,47180.5,1,0.25,15.84,1
2022-05-22 00:20:33.595,0.000,0.000,0.000,0.00,0.00,0.00,0.00,0.00,0.00,0.00,0.00,0.000,0,061725.60,4000.00140619,N,11619.59617456,E,1,13,1.1,38.0848,M,-9.2908,M,,*4D,1,6362.4,-25633.5,46959.0,7922.0,-25819.6,46443.7,7376.8,-25543.4,46785.4,8195.0,-25343.6,46817.3,1,0.25,15.84,1
2022-05-22 00:20:33.798,0.000,0.000,0.000,0.00,0.00,0.00,0.00,0.00,0.00,0.00,0.00,0.000,0,061725.80,4000.00138512,N,11619.59616292,E,1,11,1.3,38.0654,M,-9.2908,M,,*48,1,7322.5,-26833.4,46129.2,8890.4,-26996.2,45596.5,8348.3,-26750.7,45946.9,9160.2,-26533.6,45974.2,1,0.25,15.84,1
2022-05-22 00:20:34.000,0.000,0.000,0.000,0.00,0.00,0.00,0.00,0.00,0.00,0.00,0.00,0.000,0,061726.00,4000.00133626,N,11619.59617557,E,1,12,1.2,38.0654,M,-9.2908,M,,*41,1,8292.0,-27021.8,46196.8,7752.5,-27195.3,45658.8,7202.4,-26927.7,46017.0,8037.5,-26737.4,46043.4,1,0.25,15.84,1
2022-05-22 00:20:34.188,0.000,0.000,0.000,0.00,0.00,0.00,0.00,0.00,0.00,0.00,0.00,0.000,0,061726.20,4000.00128614,N,11619.59621229,E,1,11,1.2,38.0694,M,-9.2908,M,,*4C,1,7139.4,-26478.6,46560.9,7324.0,-26662.3,46029.5,6770.5,-26385.6,46382.3,7628.6,-26203.6,46410.0,1,0.25,15.84,1
2022-05-22 00:20:34.391,0.000,0.000,0.000,0.00,0.00,0.00,0.00,0.00,0.00,0.00,0.00,0.000,0,061726.40,4000.00126774,N,11619.59620125,E,1,10,1.3,38.0524,M,-9.2908,M,,*45,1,6706.6,-27761.7,45722.5,7899.0,-27921.1,45180.7,7347.0,-27663.8,45537.9,8206.7,-27462.8,45567.4,1,0.25,15.84,1
2022-05-22 00:20:34.594,0.000,0.000,0.000,0.00,0.00,0.00,0.00,0.00,0.00,0.00,0.00,0.000,0,061726.60,4000.00116220,N,11619.59620257,E,1,12,1.1,38.0593,M,-9.2908,M,,*4A,1,7282.3,-27247.4,46061.7,7595.1,-27420.0,45525.0,7042.4,-27154.4,45877.0,7898.1,-26968.2,45905.9,1,0.24,15.84,1
2022-05-22 00:20:34.797,0.000,0.000,0.000,0.00,0.00,0.00,0.00,0.00,0.00,0.00,0.00,0.000,0,061726.80,4000.00107849,N,11619.59623079,E,1,12,1.1,38.1028,M,-9.2908,M,,*48,1,6976.1,-26591.2,46439.4,7567.6,-26771.7,45911.9,7011.5,-26505.6,46252.8,7866.8,-26311.0,46291.9,1,0.24,15.84,1
2022-05-22 00:20:35.000,0.000,0.000,0.000,0.00,0.00,0.00,0.00,0.00,0.00,0.00,0.00,0.000,0,061727.00,4000.00102717,N,11619.59627544,E,1,12,1.1,38.1504,M,-9.2908,M,,*44,1,6947.0,-27113.1,46030.3,8267.5,-27281.1,45494.9,7713.0,-27032.0,45835.5,8573.0,-26826.8,45869.4,1,0.24,15.84,1
2022-05-22 00:20:35.188,0.000,0.000,0.000,0.00,0.00,0.00,0.00,0.00,0.00,0.00,0.00,0.000,0,061727.20,4000.00093752,N,11619.59631263,E,1,11,1.2,38.1888,M,-9.2908,M,,*42,1,7651.5,-26528.0,46469.3,7547.0,-26714.6,45938.4,6985.8,-26445.6,46275.8,7868.0,-26258.5,46311.5,1,0.24,15.84,1
2022-05-22 00:20:35.391,0.000,0.000,0.000,0.00,0.00,0.00,0.00,0.00,0.00,0.00,0.00,0.000,0,061727.40,4000.00086114,N,11619.59634905,E,1,12,1.1,38.2492,M,-9.2908,M,,*4E,1,6925.2,-27165.3,46209.7,6743.0,-27351.8,45668.9,6173.4,-27066.8,46014.1,7049.5,-26894.8,46057.7,1,0.24,15.84,1
2022-05-22 00:20:35.594,0.000,0.000,0.000,0.00,0.00,0.00,0.00,0.00,0.00,0.00,0.00,0.000,0,061727.60,4000.00080426,N,11619.59636792,E,1,12,1.1,38.2948,M,-9.2908,M,,*46,1,6112.7,-28520.1,45477.4,6076.9,-28692.1,44922.0,5497.9,-28396.2,45281.4,6373.8,-28246.3,45318.8,1,0.24,15.84,1
2022-05-22 00:20:35.797,0.000,0.000,0.000,0.00,0.00,0.00,0.00,0.00,0.00,0.00,0.00,0.000,0,061727.80,4000.00071259,N,11619.59640161,E,1,12,1.1,38.3278,M,-9.2908,M,,*4A,1,5435.7,-27812.2,45815.7,6813.3,-27987.5,45266.2,6237.4,-27704.0,45618.2,7105.3,-27548.9,45646.4,1,0.24,15.84,1
2022-05-22 00:20:36.000,0.000,0.000,0.000,0.00,0.00,0.00,0.00,0.00,0.00,0.00,0.00,0.000,0,061728.00,4000.00065030,N,11619.59643711,E,1,12,1.1,38.3684,M,-9.2908,M,,*40,1,6179.6,-27897.2,45544.7,8334.7,-28054.4,44991.8,7767.8,-27809.7,45338.9,8607.3,-27613.7,45371.4,1,0.24,15.84,1
2022-05-22 00:20:36.187,0.000,0.000,0.000,0.00,0.00,0.00,0.00,0.00,0.00,0.00,0.00,0.000,0,061728.20,4000.00062165,N,11619.59646655,E,1,12,1.1,38.4166,M,-9.2908,M,,*4C,1,7711.7,-28729.1,44876.1,9262.9,-28865.7,44309.0,8699.6,-28647.6,44657.8,9562.4,-28444.0,44674.7,1,0.24,15.84,1
2022-05-22 00:20:36.391,0.000,0.000,0.000,0.00,0.00,0.00,0.00,0.00,0.00,0.00,0.00,0.000,0,061728.40,4000.00057561,N,11619.59648949,E,1,12,1.1,38.4450,M,-9.2908,M,,*40,1,8644.8,-29171.1,44658.7,8971.4,-29301.9,44083.1,8404.3,-29078.4,44432.5,9280.3,-28884.0,44450.3,1,0.24,15.84,1
2022-05-22 00:20:36.588,0.000,0.000,0.000,0.00,0.00,0.00,0.00,0.00,0.00,0.00,0.00,0.000,0,061728.60,4000.00055815,N,11619.59649037,E,1,11,1.2,38.4798,M,-9.2908,M,,*48,1,8350.7,-28865.5,44876.8,8899.9,-28999.2,44300.0,8332.3,-28771.5,44645.3,9202.1,-28591.0,44660.7,1,0.24,15.84,1
2022-05-22 00:20:36.792,0.000,0.000,0.000,0.00,0.00,0.00,0.00,0.00,0.00,0.00,0.00,0.000,0,061728.80,4000.00057859,N,11619.59649504,E,1,11,1.2,38.5348,M,-9.2908,M,,*41,1,8281.1,-29774.9,44448.4,8008.7,-29898.4,43860.8,7437.0,-29654.6,44215.2,8332.0,-29484.0,44235.6,1,0.24,15.84,1
2022-05-22 00:20:36.994,0.000,0.000,0.000,0.00,0.00,0.00,0.00,0.00,0.00,0.00,0.00,0.000,0,061729.00,4000.00058638,N,11619.59649861,E,1,11,1.2,38.6242,M,-9.2908,M,,*48,1,7381.9,-29525.5,44820.8,6565.3,-29667.4,44235.5,5987.0,-29389.7,44594.4,6881.7,-29256.7,44617.9,1,0.24,15.84,1
2022-05-22 00:20:37.197,0.000,0.000,0.000,0.00,0.00,0.00,0.00,0.00,0.00,0.00,0.00,0.000,0,061729.20,4000.00061364,N,11619.59650154,E,1,11,1.2,38.6947,M,-9.2908,M,,*45,1,5926.0,-29904.4,44581.9,6469.4,-30041.8,43991.9,5896.5,-29762.4,44354.4,6785.9,-29625.1,44384.4,1,0.24,15.84,1
2022-05-22 00:20:37.401,0.000,0.000,0.000,0.00,0.00,0.00,0.00,0.00,0.00,0.00,0.00,0.000,0,061729.40,4000.00063687,N,11619.59653775,E,1,11,1.2,38.7880,M,-9.2908,M,,*44,1,5832.3,-28524.5,45146.9,8563.4,-28668.6,44568.6,8006.9,-28427.6,44911.7,8867.8,-28260.9,44936.9,1,0.24,15.84,1
2022-05-22 00:20:37.604,0.000,0.000,0.000,0.00,0.00,0.00,0.00,0.00,0.00,0.00,0.00,0.000,0,061729.60,4000.00065249,N,11619.59656537,E,1,11,1.2,38.8834,M,-9.2908,M,,*47,1,7950.9,-28036.5,45421.4,8686.7,-28190.8,44848.9,8132.0,-27950.0,45187.6,8980.9,-27781.2,45219.5,1,0.24,15.84,1
2022-05-22 00:20:37.799,0.000,0.000,0.000,0.00,0.00,0.00,0.00,0.00,0.00,0.00,0.00,0.000,0,061729.80,4000.00067383,N,11619.59655800,E,1,11,1.2,38.9892,M,-9.2908,M,,*4B,1,8076.2,-29359.1,44957.2,6143.9,-29520.2,44373.2,5574.9,-29227.0,44734.0,6462.5,-29091.5,44779.7,1,0.24,15.84,1
2022-05-22 00:20:38.002,0.000,0.000,0.000,0.00,0.00,0.00,0.00,0.00,0.00,0.00,0.00,0.000,0,061730.00,4000.00068296,N,11619.59656905,E,1,11,1.2,39.0695,M,-9.2908,M,,*47,1,5507.4,-28787.8,45396.6,5343.5,-28967.9,44821.5,4769.3,-28654.6,45180.5,5650.7,-28546.8,45224.5,1,0.24,15.84,1
2022-05-22 00:20:38.190,0.000,0.000,0.000,0.00,0.00,0.00,0.00,0.00,0.00,0.00,0.00,0.000,0,061730.20,4000.00069942,N,11619.59655029,E,1,11,1.2,39.1420,M,-9.2908,M,,*4F,1,4700.5,-29840.0,44783.1,4574.3,-30009.1,44197.4,3999.0,-29684.7,44567.4,4891.8,-29580.0,44620.2,1,0.24,15.84,1
2022-05-22 00:20:38.393,0.000,0.000,0.000,0.00,0.00,0.00,0.00,0.00,0.00,0.00,0.00,0.000,0,061730.40,4000.00071395,N,11619.59657624,E,1,11,1.2,39.2184,M,-9.2908,M,,*41,1,3924.1,-29206.7,44957.6,6682.2,-29367.6,44378.8,6117.9,-29085.7,44732.9,6997.8,-28948.1,44772.3,1,0.24,15.84,1
2022-05-22 00:20:38.596,0.000,0.000,0.000,0.00,0.00,0.00,0.00,0.00,0.00,0.00,0.00,0.000,0,061730.60,4000.00071189,N,11619.59660937,E,1,11,1.2,39.2903,M,-9.2908,M,,*42,1,6052.8,-28337.6,45295.0,8073.3,-28500.9,44725.0,7517.6,-28246.1,45066.6,8381.9,-28082.2,45105.5,1,0.24,15.84,1
2022-05-22 00:20:38.799,0.000,0.000,0.000,0.00,0.00,0.00,0.00,0.00,0.00,0.00,0.00,0.000,0,061730.80,4000.00068355,N,11619.59657528,E,1,13,1.1,39.3203,M,-9.2908,M,,*4A,1,7458.9,-28748.9,45291.6,6152.4,-28926.1,44716.6,5587.1,-28630.6,45070.5,6492.8,-28490.1,45123.2,1,0.24,15.84,1
2022-05-22 00:20:39.002,0.000,0.000,0.000,0.00,0.00,0.00,0.00,0.00,0.00,0.00,0.00,0.000,0,061731.00,4000.00067151,N,11619.59656892,E,1,13,1.1,39.3318,M,-9.2908,M,,*4C,1,5520.1,-28823.3,45271.5,5841.3,-29002.7,44697.5,5273.4,-28699.9,45052.1,6173.0,-28564.8,45108.1,1,0.24,15.84,1
2022-05-22 00:20:39.189,0.000,0.000,0.000,0.00,0.00,0.00,0.00,0.00,0.00,0.00,0.00,0.000,0,061731.20,4000.00068138,N,11619.59653367,E,1,12,1.1,39.3475,M,-9.2908,M,,*47,1,5207.0,-28588.3,45358.5,6274.1,-28770.8,44789.2,5707.7,-28476.1,45140.6,6561.7,-28346.4,45190.8,1,0.24,15.84,1
2022-05-22 00:20:39.393,0.000,0.000,0.000,0.00,0.00,0.00,0.00,0.00,0.00,0.00,0.00,0.000,0,061731.40,4000.00072821,N,11619.59646195,E,1,11,1.2,39.3439,M,-9.2908,M,,*48,1,5644.3,-30178.1,44412.4,5479.5,-30340.3,43830.6,4908.5,-30037.4,44199.1,5766.3,-29907.0,44256.7,1,0.24,15.84,1
2022-05-22 00:20:39.596,0.000,0.000,0.000,0.00,0.00,0.00,0.00,0.00,0.00,0.00,0.00,0.000,0,061731.60,4000.00076764,N,11619.59644731,E,1,11,1.2,39.3621,M,-9.2908,M,,*41,1,4837.5,-30333.7,44332.9,5034.8,-30503.2,43756.2,4462.7,-30192.4,44129.6,5320.9,-30076.5,44178.6,1,0.24,15.84,1
2022-05-22 00:20:39.799,0.000,0.000,0.000,0.00,0.00,0.00,0.00,0.00,0.00,0.00,0.00,0.000,0,061731.80,4000.00078179,N,11619.59646362,E,1,11,1.2,39.3653,M,-9.2908,M,,*4E,1,4385.4,-28405.7,45520.4,5595.8,-28593.7,44974.2,5023.5,-28284.7,45329.8,5889.3,-28155.6,45373.8,1,0.24,15.84,1
2022-05-22 00:20:40.002,0.000,0.000,0.000,0.00,0.00,0.00,0.00,0.00,0.00,0.00,0.00,0.000,0,061732.00,4000.00082543,N,11619.59647026,E,1,11,1.2,39.3604,M,-9.2908,M,,*4D,1,4955.0,-28185.7,45505.7,6911.6,-28359.0,44963.3,6347.2,-28077.9,45311.9,7210.8,-27921.1,45349.5,1,0.24,15.84,1
2022-05-22 00:20:40.190,0.000,0.000,0.000,0.00,0.00,0.00,0.00,0.00,0.00,0.00,0.00,0.000,0,061732.20,4000.00086156,N,11619.59643552,E,1,12,1.1,39.3647,M,-9.2908,M,,*4E,1,6285.5,-29830.8,44469.0,6870.6,-29979.9,43910.7,6304.8,-29703.3,44273.3,7167.4,-29540.4,44310.9,1,0.24,15.84,1
2022-05-22 00:20:40.401,0.000,0.000,0.000,0.00,0.00,0.00,0.00,0.00,0.00,0.00,0.00,0.000,0,061732.40,4000.00086864,N,11619.59640438,E,1,11,1.3,39.3680,M,-9.2908,M,,*44,1,6241.0,-29421.7,44916.9,5393.5,-29590.5,44365.3,4817.4,-29278.4,44729.7,5697.2,-29152.6,44765.5,1,0.24,15.84,1
2022-05-22 00:20:40.588,0.000,0.000,0.000,0.00,0.00,0.00,0.00,0.00,0.00,0.00,0.00,0.000,0,061732.60,4000.00091164,N,11619.59637652,E,1,10,1.3,39.3277,M,-9.2908,M,,*4A,1,4750.7,-29550.1,44812.9,5667.1,-29710.5,44260.5,5092.7,-29406.5,44624.0,5985.1,-29269.7,44659.4,1,0.24,15.83,1
2022-05-22 00:20:40.791,0.000,0.000,0.000,0.00,0.00,0.00,0.00,0.00,0.00,0.00,0.00,0.000,0,061732.80,4000.00095560,N,11619.59633890,E,1,10,1.3,39.3390,M,-9.2908,M,,*4C,1,5026.6,-29537.6,44712.4,6626.7,-29688.4,44159.1,6056.9,-29405.1,44517.6,6905.6,-29253.3,44551.1,1,0.24,15.83,1
2022-05-22 00:20:40.994,0.000,0.000,0.000,0.00,0.00,0.00,0.00,0.00,0.00,0.00,0.00,0.000,0,061733.00,4000.00096922,N,11619.59632879,E,1,10,1.3,39.3168,M,-9.2908,M,,*4F,1,5993.1,-27655.2,45883.0,6677.3,-27833.3,45347.9,6108.1,-27542.9,45689.7,6959.4,-27390.7,45728.4,1,0.24,15.83,1
2022-05-22 00:20:41.197,0.000,0.000,0.000,0.00,0.00,0.00,0.00,0.00,0.00,0.00,0.00,0.000,0,061733.20,4000.00101017,N,11619.59632500,E,1,10,1.3,39.2897,M,-9.2908,M,,*46,1,6047.9,-27323.0,46000.3,7292.9,-27499.2,45467.4,6729.4,-27221.5,45803.8,7585.5,-27051.3,45844.4,1,0.24,15.83,1
2022-05-22 00:20:41.400,0.000,0.000,0.000,0.00,0.00,0.00,0.00,0.00,0.00,0.00,0.00,0.000,0,061733.40,4000.00107459,N,11619.59630034,E,1,10,1.3,39.2799,M,-9.2908,M,,*49,1,6671.7,-28795.0,45106.5,7282.0,-28950.3,44558.8,6716.5,-28677.7,44907.9,7571.1,-28502.9,44949.1,1,0.24,15.83,1
2022-05-22 00:20:41.588,0.000,0.000,0.000,0.00,0.00,0.00,0.00,0.00,0.00,0.00,0.00,0.000,0,061733.60,4000.00110482,N,11619.59625608,E,1,10,1.3,39.2871,M,-9.2908,M,,*4F,1,6657.6,-28822.7,45218.6,6275.8,-28993.2,44671.3,5705.5,-28696.2,45023.5,6572.1,-28552.4,45060.9,1,0.24,15.84,1
2022-05-22 00:20:41.791,0.000,0.000,0.000,0.00,0.00,0.00,0.00,0.00,0.00,0.00,0.00,0.000,0,061733.80,4000.00112228,N,11619.59623395,E,1,10,1.3,39.2502,M,-9.2908,M,,*4B,1,5642.9,-28064.0,45712.5,6079.3,-28245.0,45175.7,5507.4,-27941.4,45522.0,6380.8,-27794.0,45565.8,1,0.24,15.84,1
2022-05-22 00:20:41.994,0.000,0.000,0.000,0.00,0.00,0.00,0.00,0.00,0.00,0.00,0.00,0.000,0,061734.00,4000.00118236,N,11619.59619249,E,1,10,1.3,39.2032,M,-9.2908,M,,*4E,1,5446.5,-28908.1,45109.1,6721.3,-29070.6,44564.6,6155.1,-28786.0,44913.5,7022.2,-28624.5,44953.2,1,0.24,15.84,1
2022-05-22 00:20:42.197,0.000,0.000,0.000,0.00,0.00,0.00,0.00,0.00,0.00,0.00,0.00,0.000,0,061734.20,4000.00121268,N,11619.59618604,E,1,10,1.3,39.2043,M,-9.2908,M,,*47,1,6092.1,-28068.5,45550.0,7287.1,-28238.4,45015.5,6725.1,-27961.5,45355.0,7580.3,-27790.5,45394.3,1,0.24,15.84,1
2022-05-22 00:20:42.400,0.000,0.000,0.000,0.00,0.00,0.00,0.00,0.00,0.00,0.00,0.00,0.000,0,061734.40,4000.00124589,N,11619.59618634,E,1,10,1.3,39.1608,M,-9.2908,M,,*45,1,6665.6,-27878.3,45561.3,7985.4,-28042.7,45029.8,7430.3,-27781.0,45364.4,8282.7,-27595.5,45402.0,1,0.24,15.84,1
2022-05-22 00:20:42.596,0.000,0.000,0.000,0.00,0.00,0.00,0.00,0.00,0.00,0.00,0.00,0.000,0,061734.60,4000.00129946,N,11619.59615575,E,1,10,1.3,39.1197,M,-9.2908,M,,*4F,1,7372.6,-28883.3,44936.5,7982.8,-29033.2,44396.2,7426.7,-28775.1,44738.4,8282.5,-28582.3,44778.4,1,0.24,15.84,1
2022-05-22 00:20:42.799,0.000,0.000,0.000,0.00,0.00,0.00,0.00,0.00,0.00,0.00,0.00,0.000,0,061734.80,4000.00132741,N,11619.59613444,E,1,10,1.3,39.1162,M,-9.2908,M,,*4D,1,7367.9,-28343.1,45406.8,7049.2,-28513.8,44874.3,6488.8,-28231.6,45213.5,7355.4,-28063.0,45253.9,1,0.24,15.84,1
2022-05-22 00:20:43.002,0.000,0.000,0.000,0.00,0.00,0.00,0.00,0.00,0.00,0.00,0.00,0.000,0,061735.00,4000.00129747,N,11619.59615557,E,1,12,1.1,39.1448,M,-9.2908,M,,*40,1,6427.4,-26791.6,46423.4,6298.0,-26988.7,45911.9,5734.2,-26685.7,46240.5,6611.8,-26524.2,46289.6,1,0.24,15.84,1
2022-05-22 00:20:43.190,0.000,0.000,0.000,0.00,0.00,0.00,0.00,0.00,0.00,0.00,0.00,0.000,0,061735.20,4000.00132914,N,11619.59615235,E,1,12,1.1,39.1525,M,-9.2908,M,,*49,1,5672.3,-27629.7,45882.8,6719.5,-27810.5,45363.1,6160.9,-27521.6,45696.2,7010.9,-27341.0,45751.4,1,0.24,15.84,1
2022-05-22 00:20:43.393,0.000,0.000,0.000,0.00,0.00,0.00,0.00,0.00,0.00,0.00,0.00,0.000,0,061735.40,4000.00133713,N,11619.59616811,E,1,12,1.1,39.1769,M,-9.2908,M,,*42,1,6096.5,-27796.0,45651.4,7688.7,-27964.9,45132.0,7135.7,-27698.0,45463.1,7980.9,-27504.0,45507.6,1,0.24,15.84,1
2022-05-22 00:20:43.596,0.000,0.000,0.000,0.00,0.00,0.00,0.00,0.00,0.00,0.00,0.00,0.000,0,061735.60,4000.00132774,N,11619.59621188,E,1,12,1.1,39.1949,M,-9.2908,M,,*41,1,7073.8,-27181.9,45902.8,8426.2,-27348.0,45390.6,7877.6,-27094.9,45716.1,8756.1,-26891.2,45745.8,1,0.24,15.83,1
2022-05-22 00:20:43.799,0.000,0.000,0.000,0.00,0.00,0.00,0.00,0.00,0.00,0.00,0.00,0.000,0,061735.80,4000.00135764,N,11619.59622520,E,1,12,1.1,39.2108,M,-9.2908,M,,*42,1,7820.5,-28772.8,44889.3,8700.3,-28911.4,44360.3,8153.1,-28671.3,44699.4,9026.2,-28459.5,44725.1,1,0.24,15.83,1
2022-05-22 00:20:44.002,0.000,0.000,0.000,0.00,0.00,0.00,0.00,0.00,0.00,0.00,0.00,0.000,0,061736.00,4000.00139883,N,11619.59621366,E,1,11,1.3,39.2235,M,-9.2908,M,,*48,1,8094.2,-29872.3,44225.5,8443.2,-29997.5,43686.8,7893.2,-29754.9,44036.6,8760.0,-29553.3,44055.6,1,0.24,15.83,1
2022-05-22 00:20:44.189,0.000,0.000,0.000,0.00,0.00,0.00,0.00,0.00,0.00,0.00,0.00,0.000,0,061736.20,4000.00141307,N,11619.59619423,E,1,10,1.3,39.2083,M,-9.2908,M,,*41,1,7832.5,-28569.9,45177.2,7810.6,-28716.0,44653.7,7255.6,-28451.5,44996.5,8130.9,-28270.3,45010.9,1,0.24,15.83,1
2022-05-22 00:20:44.392,0.000,0.000,0.000,0.00,0.00,0.00,0.00,0.00,0.00,0.00,0.00,0.000,0,061736.40,4000.00145834,N,11619.59616548,E,1,10,1.3,39.1559,M,-9.2908,M,,*4A,1,7196.3,-28422.2,45286.0,7741.8,-28566.4,44764.2,7188.0,-28299.3,45106.7,8067.4,-28111.2,45125.9,1,0.24,15.83,1
2022-05-22 00:20:44.596,0.000,0.000,0.000,0.00,0.00,0.00,0.00,0.00,0.00,0.00,0.00,0.000,0,061736.60,4000.00151285,N,11619.59614035,E,1,10,1.3,39.1596,M,-9.2908,M,,*43,1,7128.9,-28518.8,45134.6,8358.2,-28652.0,44610.9,7807.1,-28395.7,44951.6,8661.5,-28205.6,44963.8,1,0.24,15.83,1
2022-05-22 00:20:44.794,0.000,0.000,0.000,0.00,0.00,0.00,0.00,0.00,0.00,0.00,0.00,0.000,0,061736.80,4000.00154183,N,11619.59613946,E,1,10,1.3,39.1170,M,-9.2908,M,,*4B,1,7751.7,-27211.9,45738.1,9451.0,-27347.6,45222.6,8905.9,-27106.4,45546.7,9765.8,-26905.3,45553.1,1,0.24,15.83,1
2022-05-22 00:20:44.997,0.000,0.000,0.000,0.00,0.00,0.00,0.00,0.00,0.00,0.00,0.00,0.000,0,061737.00,4000.00156876,N,11619.59610967,E,1,10,1.3,39.1222,M,-9.2908,M,,*47,1,8861.0,-27010.3,45862.6,9429.3,-27144.8,45344.7,8885.2,-26902.6,45665.4,9744.4,-26706.4,45676.7,1,0.24,15.83,1
2022-05-22 00:20:45.189,0.000,0.000,0.000,0.00,0.00,0.00,0.00,0.00,0.00,0.00,0.00,0.000,0,061737.20,4000.00161065,N,11619.59604278,E,1,10,1.3,39.0749,M,-9.2908,M,,*42,1,8840.8,-28909.2,44967.5,7913.1,-29032.0,44429.8,7360.0,-28764.3,44771.3,8256.5,-28592.1,44784.4,1,0.24,15.83,1
2022-05-22 00:20:45.388,0.000,0.000,0.000,0.00,0.00,0.00,0.00,0.00,0.00,0.00,0.00,0.000,0,061737.40,4000.00160713,N,11619.59598000,E,1,10,1.3,39.0705,M,-9.2908,M,,*40,1,7305.1,-28958.3,45240.1,5567.1,-29102.7,44700.4,4999.0,-28786.1,45048.6,5899.7,-28669.0,45073.4,1,0.24,15.83,1
2022-05-22 00:20:45.588,0.000,0.000,0.000,0.00,0.00,0.00,0.00,0.00,0.00,0.00,0.00,0.000,0,061737.60,4000.00161545,N,11619.59589326,E,1,10,1.3,39.0139,M,-9.2908,M,,*4C,1,4934.9,-29485.1,45054.9,3726.8,-29639.8,44510.9,3150.5,-29287.3,44869.2,4051.9,-29201.4,44906.0,1,0.24,15.84,1
2022-05-22 00:20:45.791,0.000,0.000,0.000,0.00,0.00,0.00,0.00,0.00,0.00,0.00,0.00,0.000,0,061737.80,4000.00162879,N,11619.59581188,E,1,10,1.3,38.9823,M,-9.2908,M,,*47,1,3076.6,-29434.5,45090.6,3712.4,-29590.6,44548.1,3132.4,-29236.4,44904.3,4035.7,-29154.0,44937.4,1,0.24,15.84,1
2022-05-22 00:20:45.994,0.000,0.000,0.000,0.00,0.00,0.00,0.00,0.00,0.00,0.00,0.00,0.000,0,061738.00,4000.00159565,N,11619.59580721,E,1,12,1.1,39.0225,M,-9.2908,M,,*48,1,3061.9,-29324.0,44879.1,6717.6,-29455.1,44336.5,6147.0,-29162.6,44683.8,7020.2,-29018.4,44700.6,1,0.24,15.84,1
2022-05-22 00:20:46.197,0.000,0.000,0.000,0.00,0.00,0.00,0.00,0.00,0.00,0.00,0.00,0.000,0,061738.20,4000.00155684,N,11619.59579542,E,1,12,1.1,39.0529,M,-9.2908,M,,*40,1,6093.1,-28704.3,45216.0,7170.8,-28840.7,44676.3,6598.1,-28554.2,45022.1,7459.1,-28408.5,45032.6,1,0.24,15.84,1
2022-05-22 00:20:46.400,0.000,0.000,0.000,0.00,0.00,0.00,0.00,0.00,0.00,0.00,0.00,0.000,0,061738.40,4000.00154854,N,11619.59578719,E,1,11,1.3,39.0768,M,-9.2908,M,,*4F,1,6549.1,-28697.3,45444.7,5226.3,-28852.8,44906.1,4645.3,-28524.6,45260.1,5534.8,-28407.0,45283.7,1,0.24,15.84,1
2022-05-22 00:20:46.603,0.000,0.000,0.000,0.00,0.00,0.00,0.00,0.00,0.00,0.00,0.00,0.000,0,061738.60,4000.00150411,N,11619.59579179,E,1,12,1.1,39.1162,M,-9.2908,M,,*49,1,4587.6,-28316.5,45823.0,3291.1,-28494.1,45292.5,2699.4,-28124.3,45649.6,3599.3,-28045.4,45680.8,1,0.24,15.83,1
2022-05-22 00:20:46.790,0.000,0.000,0.000,0.00,0.00,0.00,0.00,0.00,0.00,0.00,0.00,0.000,0,061738.80,4000.00143399,N,11619.59579952,E,1,12,1.1,39.1226,M,-9.2908,M,,*40,1,2634.6,-27764.4,46146.6,3440.4,-27952.0,45622.9,2849.8,-27583.2,45979.5,3746.4,-27497.4,46007.6,1,0.24,15.83,1
2022-05-22 00:20:46.993,0.000,0.000,0.000,0.00,0.00,0.00,0.00,0.00,0.00,0.00,0.00,0.000,0,061739.00,4000.00138546,N,11619.59578731,E,1,11,1.3,39.1428,M,-9.2908,M,,*42,1,2786.5,-27190.7,46433.6,4128.6,-27386.6,45917.1,3544.7,-27032.4,46270.4,4435.3,-26925.9,46296.8,1,0.24,15.83,1
2022-05-22 00:20:47.196,0.000,0.000,0.000,0.00,0.00,0.00,0.00,0.00,0.00,0.00,0.00,0.000,0,061739.20,4000.00209084,N,11619.59575690,E,1,08,1.8,38.7971,M,-9.2908,M,,*48,1,3482.8,-28671.7,45403.7,5599.6,-28836.3,44872.1,5024.7,-28524.9,45234.0,5879.0,-28374.2,45263.3,1,0.24,15.83,1
2022-05-22 00:20:47.399,0.000,0.000,0.000,0.00,0.00,0.00,0.00,0.00,0.00,0.00,0.00,0.000,0,061739.40,4000.00162611,N,11619.59586983,E,1,12,1.3,39.2367,M,-9.2908,M,,*42,1,4961.1,-28980.4,45187.2,5701.0,-29143.1,44651.1,5128.6,-28836.7,45016.4,5907.0,-28687.6,45052.8,1,0.24,15.83,1
2022-05-22 00:20:47.587,0.000,0.000,0.000,0.00,0.00,0.00,0.00,0.00,0.00,0.00,0.00,0.000,0,061739.60,4000.00131989,N,11619.59563709,E,1,10,1.3,38.5582,M,-9.2908,M,,*46,1,5061.6,-27166.0,46309.8,5364.2,-27359.0,45790.6,4793.1,-27038.0,46142.9,5677.6,-26895.6,46175.0,1,0.24,15.83,1
2022-05-22 00:20:47.790,0.000,0.000,0.000,0.00,0.00,0.00,0.00,0.00,0.00,0.00,0.00,0.000,0,061739.80,4000.00128581,N,11619.59556933,E,1,10,1.3,38.1430,M,-9.2908,M,,*49,1,4727.3,-26959.9,46229.0,7031.8,-27136.7,45711.1,6474.0,-26854.9,46052.0,7339.4,-26667.5,46091.5,1,0.24,15.83,1
2022-05-22 00:20:47.993,0.000,0.000,0.000,0.00,0.00,0.00,0.00,0.00,0.00,0.00,0.00,0.000,0,061740.00,4000.00189730,N,11619.59546625,E,1,08,1.8,37.7581,M,-9.2908,M,,*45,1,6412.5,-28263.3,45453.1,6972.7,-28422.5,44922.7,6415.6,-28144.0,45272.4,7273.3,-27964.7,45311.5,1,0.24,15.83,1
2022-05-22 00:20:48.196,0.000,0.000,0.000,0.00,0.00,0.00,0.00,0.00,0.00,0.00,0.00,0.000,0,061740.20,4000.00128216,N,11619.59547996,E,1,10,1.3,37.7311,M,-9.2908,M,,*46,1,6350.9,-27213.8,46078.4,6868.9,-27391.7,45561.1,6317.2,-27105.1,45898.6,7189.3,-26936.5,45934.2,1,0.24,15.83,1
2022-05-22 00:20:48.399,0.000,0.000,0.000,0.00,0.00,0.00,0.00,0.00,0.00,0.00,0.00,0.000,0,061740.40,4000.00116481,N,11619.59544982,E,1,10,1.3,37.7569,M,-9.2908,M,,*4A,1,6252.8,-27493.7,45845.9,7281.9,-27663.9,45326.1,6733.9,-27387.4,45664.5,7576.7,-27195.6,45716.0,1,0.24,15.83,1
2022-05-22 00:20:48.597,0.000,0.000,0.000,0.00,0.00,0.00,0.00,0.00,0.00,0.00,0.00,0.000,0,061740.60,4000.00110081,N,11619.59545379,E,1,10,1.3,37.7512,M,-9.2908,M,,*49,1,6670.0,-28633.3,45186.8,6925.3,-28797.3,44653.4,6376.1,-28516.1,45002.5,7229.7,-28339.2,45051.1,1,0.24,15.83,1
2022-05-22 00:20:48.797,0.000,0.000,0.000,0.00,0.00,0.00,0.00,0.00,0.00,0.00,0.00,0.000,0,061740.80,4000.00102434,N,11619.59549199,E,1,10,1.3,37.7643,M,-9.2908,M,,*49,1,6308.3,-27890.6,45572.3,7349.0,-28067.5,45040.7,6804.9,-27790.0,45381.5,7665.4,-27616.2,45426.5,1,0.24,15.83,1
2022-05-22 00:20:49.000,0.000,0.000,0.000,0.00,0.00,0.00,0.00,0.00,0.00,0.00,0.00,0.000,0,061741.00,4000.00099623,N,11619.59548548,E,1,10,1.3,37.7746,M,-9.2908,M,,*4A,1,6740.5,-28491.5,45082.2,8156.1,-28648.0,44539.9,7614.5,-28391.1,44877.4,8448.0,-28199.7,44932.3,1,0.24,15.83,1
2022-05-22 00:20:49.188,0.000,0.000,0.000,0.00,0.00,0.00,0.00,0.00,0.00,0.00,0.00,0.000,0,061741.20,4000.00093996,N,11619.59547572,E,1,10,1.3,37.7739,M,-9.2908,M,,*4D,1,7553.8,-28985.3,44936.9,7058.4,-29144.9,44386.3,6506.8,-28864.9,44733.4,7377.1,-28705.6,44780.7,1,0.24,15.83,1
2022-05-22 00:20:49.391,0.000,0.000,0.000,0.00,0.00,0.00,0.00,0.00,0.00,0.00,0.00,0.000,0,061741.40,4000.00089977,N,11619.59549829,E,1,10,1.3,37.7600,M,-9.2908,M,,*49,1,6442.9,-27861.2,45514.3,7872.2,-28031.5,44972.0,7325.2,-27765.0,45306.9,8176.3,-27596.1,45352.2,1,0.24,15.83,1
2022-05-22 00:20:49.594,0.000,0.000,0.000,0.00,0.00,0.00,0.00,0.00,0.00,0.00,0.00,0.000,0,061741.60,4000.00090281,N,11619.59548892,E,1,10,1.3,37.7553,M,-9.2908,M,,*45,1,7266.0,-28787.4,44808.4,8715.3,-28934.4,44249.6,8171.2,-28693.2,44589.4,9022.3,-28503.0,44633.7,1,0.24,15.84,1
2022-05-22 00:20:49.797,0.000,0.000,0.000,0.00,0.00,0.00,0.00,0.00,0.00,0.00,0.00,0.000,0,061741.80,4000.00089637,N,11619.59548898,E,1,10,1.3,37.7167,M,-9.2908,M,,*43,1,8112.1,-29608.5,44332.5,8451.9,-29745.2,43759.9,7904.9,-29501.9,44106.4,8764.7,-29323.9,44145.7,1,0.24,15.84,1
2022-05-22 00:20:50.000,0.000,0.000,0.000,0.00,0.00,0.00,0.00,0.00,0.00,0.00,0.00,0.000,0,061742.00,4000.00042717,N,11619.59601396,E,1,12,1.1,38.9066,M,-9.2908,M,,*46,1,7844.4,-29451.4,44449.9,8383.4,-29591.6,43875.5,7834.1,-29344.9,44221.2,8699.8,-29169.2,44261.3,1,0.24,15.84,1
2022-05-22 00:20:50.188,0.000,0.000,0.000,0.00,0.00,0.00,0.00,0.00,0.00,0.00,0.00,0.000,0,061742.20,4000.00037206,N,11619.59603770,E,1,12,1.1,39.2930,M,-9.2908,M,,*4D,1,7775.7,-28625.7,45115.7,7490.1,-28790.2,44550.4,6935.2,-28519.6,44893.0,7806.0,-28359.5,44941.3,1,0.24,15.84,1
2022-05-22 00:20:50.391,0.000,0.000,0.000,0.00,0.00,0.00,0.00,0.00,0.00,0.00,0.00,0.000,0,061742.40,4000.00077605,N,11619.59566011,E,1,11,1.2,38.7646,M,-9.2908,M,,*42,1,6875.6,-27918.2,45689.9,6443.2,-28106.2,45132.8,5883.6,-27809.1,45474.6,6764.0,-27669.9,45529.2,1,0.24,15.84,1
2022-05-22 00:20:50.594,0.000,0.000,0.000,0.00,0.00,0.00,0.00,0.00,0.00,0.00,0.00,0.000,0,061742.60,4000.00085779,N,11619.59545575,E,1,11,1.2,38.3315,M,-9.2908,M,,*46,1,5822.1,-28931.6,45216.1,5020.3,-29117.6,44649.6,4455.5,-28793.3,45004.7,5342.2,-28674.7,45070.7,1,0.24,15.83,1
2022-05-22 00:20:50.797,0.000,0.000,0.000,0.00,0.00,0.00,0.00,0.00,0.00,0.00,0.00,0.000,0,061742.80,4000.00089708,N,11619.59530734,E,1,11,1.2,37.9785,M,-9.2908,M,,*4F,1,4386.2,-29258.1,44969.0,5373.7,-29438.4,44403.0,4812.4,-29121.4,44757.0,5699.3,-28998.2,44819.7,1,0.24,15.83,1
2022-05-22 00:20:51.000,0.000,0.000,0.000,0.00,0.00,0.00,0.00,0.00,0.00,0.00,0.00,0.000,0,061743.00,4000.00089838,N,11619.59531438,E,1,11,1.2,37.8835,M,-9.2908,M,,*41,1,4743.5,-27910.2,45631.3,6874.5,-28100.3,45090.8,6320.6,-27807.8,45419.5,7190.2,-27652.8,45480.1,1,0.24,15.83,1
2022-05-22 00:20:51.188,0.000,0.000,0.000,0.00,0.00,0.00,0.00,0.00,0.00,0.00,0.00,0.000,0,061743.20,4000.00090648,N,11619.59537287,E,1,11,1.2,38.0426,M,-9.2908,M,,*4F,1,6261.7,-27150.4,46033.9,7282.2,-27347.4,45509.1,6729.8,-27060.3,45824.8,7622.0,-26878.9,45891.8,1,0.24,15.83,1
2022-05-22 00:20:51.390,0.000,0.000,0.000,0.00,0.00,0.00,0.00,0.00,0.00,0.00,0.00,0.000,0,061743.40,4000.00089998,N,11619.59539507,E,1,11,1.2,38.2517,M,-9.2908,M,,*43,1,6676.3,-26495.6,46243.8,8455.7,-26685.0,45730.9,7903.1,-26424.3,46030.9,8758.3,-26239.9,46085.6,1,0.24,15.83,1
2022-05-22 00:20:51.589,0.000,0.000,0.000,0.00,0.00,0.00,0.00,0.00,0.00,0.00,0.00,0.000,0,061743.60,4000.00091737,N,11619.59539174,E,1,11,1.2,38.4711,M,-9.2908,M,,*41,1,7857.3,-28811.6,45159.5,6368.8,-28988.2,44619.5,5808.2,-28690.9,44948.5,6716.9,-28530.7,45012.9,1,0.24,15.83,1
2022-05-22 00:20:51.792,0.000,0.000,0.000,0.00,0.00,0.00,0.00,0.00,0.00,0.00,0.00,0.000,0,061743.80,4000.00093209,N,11619.59545907,E,1,11,1.2,38.7274,M,-9.2908,M,,*47,1,5747.6,-30008.6,44237.0,7392.6,-30159.4,43686.3,6840.5,-29891.3,44018.2,7729.2,-29720.9,44070.0,1,0.24,15.83,1
2022-05-22 00:20:51.995,0.000,0.000,0.000,0.00,0.00,0.00,0.00,0.00,0.00,0.00,0.00,0.000,0,061744.00,4000.00094041,N,11619.59548625,E,1,11,1.2,38.8979,M,-9.2908,M,,*4A,1,6778.3,-29307.6,44585.9,8114.6,-29459.2,44050.0,7563.9,-29204.4,44373.5,8416.5,-29030.8,44416.4,1,0.24,15.83,1
2022-05-22 00:20:52.198,0.000,0.000,0.000,0.00,0.00,0.00,0.00,0.00,0.00,0.00,0.00,0.000,0,061744.20,4000.00100201,N,11619.59551616,E,1,11,1.2,39.0161,M,-9.2908,M,,*42,1,7504.6,-30131.2,44021.7,8250.8,-30264.8,43481.4,7699.7,-30016.6,43812.1,8597.0,-29828.3,43847.6,1,0.24,15.83,1
2022-05-22 00:20:52.386,0.000,0.000,0.000,0.00,0.00,0.00,0.00,0.00,0.00,0.00,0.00,0.000,0,061744.40,4000.00104187,N,11619.59554570,E,1,11,1.2,39.1105,M,-9.2908,M,,*48,1,7642.1,-30884.4,43270.4,9551.6,-30990.8,42725.2,9003.3,-30775.2,43056.0,9868.8,-30572.4,43075.7,1,0.24,15.83,1
2022-05-22 00:20:52.589,0.000,0.000,0.000,0.00,0.00,0.00,0.00,0.00,0.00,0.00,0.00,0.000,0,061744.60,4000.00103275,N,11619.59556439,E,1,11,1.2,39.2586,M,-9.2908,M,,*41,1,8951.3,-28590.2,44933.7,8895.7,-28729.5,44412.9,8337.5,-28492.0,44729.4,9228.3,-28298.3,44750.1,1,0.24,15.83,1
2022-05-22 00:20:52.792,0.000,0.000,0.000,0.00,0.00,0.00,0.00,0.00,0.00,0.00,0.00,0.000,0,061744.80,4000.00109716,N,11619.59556989,E,1,11,1.2,39.4088,M,-9.2908,M,,*4E,1,8287.2,-28516.9,45207.6,7500.3,-28667.2,44688.6,6938.7,-28402.8,45008.6,7825.0,-28213.8,45053.9,1,0.24,15.83,1
2022-05-22 00:20:52.995,0.000,0.000,0.000,0.00,0.00,0.00,0.00,0.00,0.00,0.00,0.00,0.000,0,061745.00,4000.00111891,N,11619.59561569,E,1,11,1.2,39.5767,M,-9.2908,M,,*4F,1,6878.1,-28615.2,45305.9,6250.5,-28777.9,44785.7,5689.3,-28488.3,45109.8,6553.7,-28329.6,45160.3,1,0.24,15.83,1
2022-05-22 00:20:53.198,0.000,0.000,0.000,0.00,0.00,0.00,0.00,0.00,0.00,0.00,0.00,0.000,0,061745.20,4000.00114273,N,11619.59566870,E,1,11,1.2,39.7063,M,-9.2908,M,,*4D,1,5616.8,-26886.9,46302.5,6602.4,-27066.8,45799.2,6042.0,-26778.3,46112.1,6911.7,-26613.8,46159.3,1,0.24,15.83,1
2022-05-22 00:20:53.385,0.000,0.000,0.000,0.00,0.00,0.00,0.00,0.00,0.00,0.00,0.00,0.000,0,061745.40,4000.00122061,N,11619.59567704,E,1,11,1.2,39.7450,M,-9.2908,M,,*46,1,5974.3,-28081.4,45344.5,8379.4,-28225.2,44826.6,7826.9,-27981.2,45143.3,8702.7,-27770.0,45184.2,1,0.24,15.83,1
2022-05-22 00:20:53.589,0.000,0.000,0.000,0.00,0.00,0.00,0.00,0.00,0.00,0.00,0.00,0.000,0,061745.60,4000.00124512,N,11619.59564374,E,1,11,1.2,39.7492,M,-9.2908,M,,*4D,1,7765.2,-28880.2,44856.2,8363.8,-29016.5,44326.6,7809.2,-28773.1,44651.6,8698.3,-28579.4,44676.7,1,0.24,15.83,1
2022-05-22 00:20:53.792,0.000,0.000,0.000,0.00,0.00,0.00,0.00,0.00,0.00,0.00,0.00,0.000,0,061745.80,4000.00127348,N,11619.59563820,E,1,11,1.2,39.7721,M,-9.2908,M,,*4F,1,7746.8,-28152.5,45510.3,7092.1,-28309.1,44988.2,6526.1,-28034.6,45313.3,7430.9,-27864.3,45346.4,1,0.24,15.83,1
2022-05-22 00:20:53.995,0.000,0.000,0.000,0.00,0.00,0.00,0.00,0.00,0.00,0.00,0.00,0.000,0,061746.00,4000.00134800,N,11619.59558506,E,1,11,1.2,39.7599,M,-9.2908,M,,*41,1,6463.1,-29496.2,44729.7,6585.4,-29637.9,44192.9,6020.0,-29359.1,44530.1,6895.9,-29194.7,44571.9,1,0.24,15.83,1
2022-05-22 00:20:54.198,0.000,0.000,0.000,0.00,0.00,0.00,0.00,0.00,0.00,0.00,0.00,0.000,0,061746.20,4000.00137090,N,11619.59559155,E,1,11,1.2,39.7720,M,-9.2908,M,,*42,1,5949.9,-29644.5,44779.9,5256.8,-29799.4,44242.1,4687.9,-29491.0,44584.3,5587.6,-29359.8,44627.3,1,0.24,15.83,1
2022-05-22 00:20:54.385,0.000,0.000,0.000,0.00,0.00,0.00,0.00,0.00,0.00,0.00,0.00,0.000,0,061746.40,4000.00138746,N,11619.59563576,E,1,11,1.2,39.7999,M,-9.2908,M,,*47,1,4610.1,-27732.3,45891.3,6084.2,-27906.1,45371.2,5518.2,-27608.8,45696.2,6401.4,-27462.1,45739.2,1,0.24,15.83,1
2022-05-22 00:20:54.599,0.000,0.000,0.000,0.00,0.00,0.00,0.00,0.00,0.00,0.00,0.00,0.000,0,061746.60,4000.00145010,N,11619.59563669,E,1,11,1.2,39.7938,M,-9.2908,M,,*4D,1,5447.6,-28122.6,45519.7,7195.8,-28279.8,44992.6,6635.4,-28009.9,45318.1,7495.1,-27826.6,45368.3,1,0.24,15.83,1
2022-05-22 00:20:54.787,0.000,0.000,0.000,0.00,0.00,0.00,0.00,0.00,0.00,0.00,0.00,0.000,0,061746.80,4000.00149050,N,11619.59562329,E,1,11,1.2,39.7920,M,-9.2908,M,,*42,1,6568.1,-29110.0,44987.6,6523.4,-29265.6,44451.0,5962.2,-28985.0,44784.8,6835.2,-28822.6,44832.5,1,0.24,15.83,1
2022-05-22 00:20:54.990,0.000,0.000,0.000,0.00,0.00,0.00,0.00,0.00,0.00,0.00,0.00,0.000,0,061747.00,4000.00149311,N,11619.59563445,E,1,11,1.2,39.8598,M,-9.2908,M,,*41,1,5888.6,-27647.0,45920.8,6264.3,-27825.0,45402.1,5700.2,-27535.0,45728.3,6584.5,-27376.6,45774.0,1,0.24,15.83,1
2022-05-22 00:20:55.193,0.000,0.000,0.000,0.00,0.00,0.00,0.00,0.00,0.00,0.00,0.00,0.000,0,061747.20,4000.00156958,N,11619.59558427,E,1,11,1.2,39.8666,M,-9.2908,M,,*44,1,5627.5,-28798.9,45313.6,5324.2,-28967.1,44786.5,4761.2,-28665.2,45128.2,5631.3,-28507.5,45187.5,1,0.24,15.83,1
2022-05-22 00:20:55.396,0.000,0.000,0.000,0.00,0.00,0.00,0.00,0.00,0.00,0.00,0.00,0.000,0,061747.40,4000.00159373,N,11619.59559899,E,1,11,1.2,39.8799,M,-9.2908,M,,*47,1,4677.7,-29181.9,45117.6,4814.1,-29347.3,44588.9,4253.1,-29040.5,44942.8,5116.3,-28899.7,44989.7,1,0.24,15.83,1
2022-05-22 00:20:55.599,0.000,0.000,0.000,0.00,0.00,0.00,0.00,0.00,0.00,0.00,0.00,0.000,0,061747.60,4000.00160211,N,11619.59566468,E,1,11,1.2,39.9392,M,-9.2908,M,,*4A,1,4162.7,-27180.3,46247.6,5859.8,-27356.0,45733.6,5295.7,-27062.3,46082.9,6148.0,-26908.8,46113.7,1,0.24,15.82,1
2022-05-22 00:20:55.787,0.000,0.000,0.000,0.00,0.00,0.00,0.00,0.00,0.00,0.00,0.00,0.000,0,061747.80,4000.00166214,N,11619.59571777,E,1,11,1.2,40.0079,M,-9.2908,M,,*4D,1,5218.5,-27720.7,45711.1,7622.0,-27869.8,45185.4,7064.4,-27613.2,45539.0,7938.8,-27412.1,45561.4,1,0.24,15.82,1
2022-05-22 00:20:55.990,0.000,0.000,0.000,0.00,0.00,0.00,0.00,0.00,0.00,0.00,0.00,0.000,0,061748.00,4000.00167847,N,11619.59575191,E,1,11,1.2,40.1277,M,-9.2908,M,,*40,1,6996.9,-28397.7,45005.4,9415.2,-28521.5,44466.2,8863.5,-28300.7,44826.5,9720.4,-28082.1,44825.8,1,0.24,15.82,1
2022-05-22 00:20:56.193,0.000,0.000,0.000,0.00,0.00,0.00,0.00,0.00,0.00,0.00,0.00,0.000,0,061748.20,4000.00168429,N,11619.59576371,E,1,11,1.2,40.2509,M,-9.2908,M,,*4B,1,8806.0,-27615.4,45693.3,8263.8,-27763.3,45161.7,7695.7,-27501.7,45515.8,8572.4,-27319.4,45518.3,1,0.24,15.82,1
2022-05-22 00:20:56.396,0.000,0.000,0.000,0.00,0.00,0.00,0.00,0.00,0.00,0.00,0.00,0.000,0,061748.40,4000.00174153,N,11619.59578123,E,1,11,1.2,40.3881,M,-9.2908,M,,*4F,1,7647.9,-29272.7,44805.1,7346.2,-29406.5,44257.0,6772.2,-29128.3,44622.6,7663.3,-28958.8,44631.8,1,0.24,15.82,1
2022-05-22 00:20:56.599,0.000,0.000,0.000,0.00,0.00,0.00,0.00,0.00,0.00,0.00,0.00,0.000,0,061748.60,4000.00175728,N,11619.59580470,E,1,11,1.2,40.5075,M,-9.2908,M,,*47,1,6721.1,-30009.5,44198.2,8152.6,-30124.3,43640.6,7578.1,-29862.8,44001.0,8465.3,-29693.8,44001.8,1,0.24,15.83,1
2022-05-22 00:20:56.786,0.000,0.000,0.000,0.00,0.00,0.00,0.00,0.00,0.00,0.00,0.00,0.000,0,061748.80,4000.00174815,N,11619.59587500,E,1,11,1.2,40.6460,M,-9.2908,M,,*4B,1,7535.4,-28527.0,45002.6,9042.1,-28659.2,44453.2,8472.9,-28409.2,44787.9,9355.8,-28235.3,44791.4,1,0.24,15.83,1
2022-05-22 00:20:57.001,0.000,0.000,0.000,0.00,0.00,0.00,0.00,0.00,0.00,0.00,0.00,0.000,0,061749.00,4000.00176447,N,11619.59590380,E,1,11,1.2,40.7093,M,-9.2908,M,,*4A,1,8440.0,-27682.2,45340.1,9985.9,-27817.8,44797.1,9425.1,-27587.7,45118.5,10306.3,-27386.9,45129.9,1,0.24,15.83,1
2022-05-22 00:20:57.189,0.000,0.000,0.000,0.00,0.00,0.00,0.00,0.00,0.00,0.00,0.00,0.000,0,061749.20,4000.00179492,N,11619.59595395,E,1,11,1.2,40.8124,M,-9.2908,M,,*4C,1,9397.0,-28743.7,44510.3,10791.1,-28857.3,43957.1,10235.7,-28649.0,44284.5,11115.1,-28426.6,44293.5,1,0.24,15.83,1
2022-05-22 00:20:57.392,0.000,0.000,0.000,0.00,0.00,0.00,0.00,0.00,0.00,0.00,0.00,0.000,0,061749.40,4000.00178578,N,11619.59598971,E,1,11,1.2,40.9231,M,-9.2908,M,,*45,1,10209.8,-28713.2,44477.1,11012.3,-28830.1,43922.5,10458.4,-28625.5,44245.4,11344.3,-28403.8,44252.8,1,0.24,15.83,1
2022-05-22 00:20:57.595,0.000,0.000,0.000,0.00,0.00,0.00,0.00,0.00,0.00,0.00,0.00,0.000,0,061749.60,4000.00178485,N,11619.59559093,E,1,10,1.3,40.3155,M,-9.2908,M,,*47,1,10435.0,-27381.5,45537.1,9860.9,-27531.7,44997.1,9301.1,-27299.8,45309.6,10192.2,-27097.4,45332.2,1,0.24,15.84,1
2022-05-22 00:20:57.798,0.000,0.000,0.000,0.00,0.00,0.00,0.00,0.00,0.00,0.00,0.00,0.000,0,061749.80,4000.00186933,N,11619.59521866,E,1,10,1.3,39.0412,M,-9.2909,M,,*4F,1,9272.0,-27701.6,45569.8,8626.9,-27861.8,45026.9,8063.6,-27606.5,45342.4,8958.1,-27415.3,45383.2,1,0.24,15.84,1
2022-05-22 00:20:57.985,0.000,0.000,0.000,0.00,0.00,0.00,0.00,0.00,0.00,0.00,0.00,0.000,0,061750.00,4000.00190746,N,11619.59511089,E,1,10,1.3,38.3419,M,-9.2909,M,,*47,1,8024.2,-26968.4,45959.4,8856.3,-27139.2,45424.2,8295.8,-26889.0,45730.2,9189.0,-26695.9,45771.7,1,0.24,15.84,1
2022-05-22 00:20:58.188,0.000,0.000,0.000,0.00,0.00,0.00,0.00,0.00,0.00,0.00,0.00,0.000,0,061750.20,4000.00226546,N,11619.59513814,E,1,08,1.8,37.9723,M,-9.2909,M,,*4A,1,8256.2,-27283.4,45639.0,9610.3,-27438.5,45099.8,9055.0,-27207.3,45406.6,9945.3,-27002.1,45441.6,1,0.24,15.84,1
2022-05-22 00:20:58.391,0.000,0.000,0.000,0.00,0.00,0.00,0.00,0.00,0.00,0.00,0.00,0.000,0,061750.40,4000.00253011,N,11619.59505791,E,1,08,1.8,37.7110,M,-9.2909,M,,*44,1,9016.5,-28100.7,45172.1,9491.1,-28242.4,44625.7,8934.5,-28010.6,44940.7,9825.5,-27805.9,44973.2,1,0.24,15.84,1
2022-05-22 00:20:58.600,0.000,0.000,0.000,0.00,0.00,0.00,0.00,0.00,0.00,0.00,0.00,0.000,0,061750.60,4000.00259435,N,11619.59500637,E,1,08,1.8,37.5397,M,-9.2909,M,,*49,1,8895.1,-28156.8,45044.4,9979.6,-28291.5,44496.6,9425.0,-28070.1,44811.5,10314.4,-27861.8,44835.5,1,0.24,15.83,1
2022-05-22 00:20:58.788,0.000,0.000,0.000,0.00,0.00,0.00,0.00,0.00,0.00,0.00,0.00,0.000,0,061750.80,4000.00261170,N,11619.59497673,E,1,08,1.8,37.4528,M,-9.2909,M,,*44,1,9388.8,-28414.4,44835.4,10205.0,-28541.6,44285.6,9651.5,-28325.5,44603.1,10539.3,-28113.9,44623.2,1,0.24,15.83,1
