2022-05-22 00:15:14.584,0.000,0.000,0.000,0.00,0.00,0.00,0.00,0.00,0.00,0.00,0.00,0.000,0,061206.60,4000.00244508,N,11619.59446767,E,1,12,1.1,42.1739,M,-9.2909,M,,*4F,1,6058.2,-32012.9,42635.4,6121.0,-32140.2,42110.2,5525.6,-31925.8,42531.3,6298.2,-31627.5,42584.8,1,0.25,15.85,1
2022-05-22 00:15:14.922,0.000,0.000,0.000,0.00,0.00,0.00,0.00,0.00,0.00,0.00,0.00,0.000,0,061206.80,4000.00242532,N,11619.59447997,E,1,12,1.1,42.1439,M,-9.2909,M,,*4D,1,5413.4,-32092.9,42688.2,5149.1,-32236.9,42161.4,4549.2,-31999.2,42582.5,5332.6,-31728.9,42645.6,1,0.25,15.85,1
2022-05-22 00:15:14.968,0.000,0.000,0.000,0.00,0.00,0.00,0.00,0.00,0.00,0.00,0.00,0.000,0,061207.00,4000.00240185,N,11619.59450253,E,1,12,1.1,42.1218,M,-9.2909,M,,*4E,1,4434.5,-32019.8,42782.9,4772.4,-32175.4,42256.8,4169.5,-31926.3,42675.5,4961.8,-31666.5,42746.1,1,0.25,15.85,1
2022-05-22 00:15:15.179,0.000,0.000,0.000,0.00,0.00,0.00,0.00,0.00,0.00,0.00,0.00,0.000,0,061207.20,4000.00238200,N,11619.59450332,E,1,13,1.1,42.1077,M,-9.2909,M,,*41,1,4056.3,-31965.3,42901.6,3925.2,-32137.7,42376.4,3318.4,-31867.1,42794.0,4119.4,-31626.7,42878.4,1,0.25,15.85,1
2022-05-22 00:15:15.366,0.000,0.000,0.000,0.00,0.00,0.00,0.00,0.00,0.00,0.00,0.00,0.000,0,061207.40,4000.00236468,N,11619.59450589,E,1,13,1.1,42.0888,M,-9.2909,M,,*4E,1,3203.9,-31613.5,43199.4,3450.4,-31807.5,42679.0,2839.7,-31521.6,43092.3,3651.7,-31297.7,43186.4,1,0.25,15.86,1
2022-05-22 00:15:15.569,0.000,0.000,0.000,0.00,0.00,0.00,0.00,0.00,0.00,0.00,0.00,0.000,0,061207.60,4000.00234371,N,11619.59452404,E,1,13,1.1,42.0632,M,-9.2909,M,,*48,1,2726.1,-31340.5,43392.0,3571.9,-31546.1,42875.6,2956.7,-31257.4,43283.2,3779.5,-31031.1,43377.9,1,0.25,15.86,1
2022-05-22 00:15:15.772,0.000,0.000,0.000,0.00,0.00,0.00,0.00,0.00,0.00,0.00,0.00,0.000,0,061207.80,4000.00232234,N,11619.59453656,E,1,13,1.1,42.0490,M,-9.2909,M,,*4E,1,2850.7,-30926.0,43603.4,4817.3,-31129.9,43089.4,4207.5,-30865.5,43488.6,5032.8,-30617.5,43580.4,1,0.25,15.86,1
2022-05-22 00:15:15.975,0.000,0.000,0.000,0.00,0.00,0.00,0.00,0.00,0.00,0.00,0.00,0.000,0,061208.00,4000.00229850,N,11619.59452916,E,1,13,1.1,42.0218,M,-9.2909,M,,*47,1,4108.1,-30931.4,43661.2,3941.1,-31147.8,43151.4,3323.8,-30861.8,43553.9,4154.8,-30625.2,43647.8,1,0.25,15.86,1
2022-05-22 00:15:16.172,0.000,0.000,0.000,0.00,0.00,0.00,0.00,0.00,0.00,0.00,0.00,0.000,0,061208.20,4000.00228085,N,11619.59454767,E,1,13,1.1,42.0145,M,-9.2909,M,,*41,1,3226.1,-31211.5,43384.1,4770.9,-31409.6,42875.2,4157.1,-31145.8,43280.8,4978.5,-30884.3,43364.9,1,0.25,15.86,1
2022-05-22 00:15:16.375,0.000,0.000,0.000,0.00,0.00,0.00,0.00,0.00,0.00,0.00,0.00,0.000,0,061208.40,4000.00225554,N,11619.59456479,E,1,13,1.1,42.0012,M,-9.2909,M,,*4E,1,4060.1,-31635.3,43009.9,5356.1,-31812.5,42499.8,4745.9,-31568.1,42911.1,5555.3,-31285.8,42988.5,1,0.25,15.86,1
2022-05-22 00:15:16.578,0.000,0.000,0.000,0.00,0.00,0.00,0.00,0.00,0.00,0.00,0.00,0.000,0,061208.60,4000.00223182,N,11619.59458185,E,1,13,1.1,41.9647,M,-9.2909,M,,*41,1,4645.2,-31646.0,42954.1,5774.0,-31813.1,42440.9,5169.8,-31581.6,42851.5,5971.3,-31290.9,42928.7,1,0.25,15.86,1
2022-05-22 00:15:16.781,0.000,0.000,0.000,0.00,0.00,0.00,0.00,0.00,0.00,0.00,0.00,0.000,0,061208.80,4000.00221240,N,11619.59459754,E,1,13,1.1,41.9340,M,-9.2909,M,,*49,1,5065.4,-31007.3,43429.9,5816.2,-31183.0,42911.9,5218.9,-30951.0,43317.0,6020.0,-30675.0,43396.4,1,0.25,15.86,1
2022-05-22 00:15:16.970,0.000,0.000,0.000,0.00,0.00,0.00,0.00,0.00,0.00,0.00,0.00,0.000,0,061209.00,4000.00219039,N,11619.59460136,E,1,13,1.1,41.9187,M,-9.2909,M,,*46,1,5111.3,-30956.8,43540.8,5203.3,-31139.1,43020.1,4605.0,-30894.6,43426.3,5407.4,-30635.3,43511.0,1,0.25,15.86,1
2022-05-22 00:15:17.174,0.000,0.000,0.000,0.00,0.00,0.00,0.00,0.00,0.00,0.00,0.00,0.000,0,061209.20,4000.00216984,N,11619.59461203,E,1,13,1.1,41.8896,M,-9.2909,M,,*48,1,4493.0,-31206.1,43412.6,4623.4,-31393.0,42892.8,4020.7,-31135.9,43303.5,4824.7,-30884.2,43393.2,1,0.25,15.86,1
2022-05-22 00:15:17.377,0.000,0.000,0.000,0.00,0.00,0.00,0.00,0.00,0.00,0.00,0.00,0.000,0,061209.40,4000.00215003,N,11619.59462827,E,1,13,1.1,41.8697,M,-9.2909,M,,*4B,1,3907.6,-31435.4,43231.9,4698.4,-31619.5,42714.7,4092.9,-31364.1,43126.0,4898.1,-31105.5,43213.8,1,0.25,15.86,1
2022-05-22 00:15:17.580,0.000,0.000,0.000,0.00,0.00,0.00,0.00,0.00,0.00,0.00,0.00,0.000,0,061209.60,4000.00212675,N,11619.59463722,E,1,13,1.1,41.8527,M,-9.2909,M,,*4A,1,3982.0,-31484.8,43203.2,4553.9,-31673.1,42689.4,3944.2,-31412.2,43100.0,4754.8,-31153.5,43188.4,1,0.24,15.72,1
2022-05-22 00:15:17.767,0.000,0.000,0.000,0.00,0.00,0.00,0.00,0.00,0.00,0.00,0.00,0.000,0,061209.80,4000.00210299,N,11619.59465686,E,1,13,1.1,41.8148,M,-9.2909,M,,*44,1,3836.7,-31384.8,43267.5,4656.4,-31576.1,42755.2,4046.4,-31315.3,43162.4,4861.2,-31055.2,43251.7,1,0.24,15.72,1
2022-05-22 00:15:17.970,0.000,0.000,0.000,0.00,0.00,0.00,0.00,0.00,0.00,0.00,0.00,0.000,0,061210.00,4000.00208010,N,11619.59467527,E,1,13,1.1,41.7918,M,-9.2909,M,,*46,1,3941.4,-30984.1,43541.0,4914.0,-31179.8,43026.7,4306.3,-30923.0,43427.5,5126.5,-30666.1,43519.4,1,0.24,15.72,1
2022-05-22 00:15:18.173,0.000,0.000,0.000,0.00,0.00,0.00,0.00,0.00,0.00,0.00,0.00,0.000,0,061210.20,4000.00205959,N,11619.59469296,E,1,13,1.1,41.7696,M,-9.2909,M,,*47,1,4202.0,-30667.1,43760.8,5055.1,-30865.8,43245.2,4451.6,-30612.7,43641.2,5273.2,-30362.9,43735.1,1,0.24,15.72,1
2022-05-22 00:15:18.377,0.000,0.000,0.000,0.00,0.00,0.00,0.00,0.00,0.00,0.00,0.00,0.000,0,061210.40,4000.00203754,N,11619.59470118,E,1,12,1.1,41.7459,M,-9.2909,M,,*49,1,4344.8,-31146.5,43445.9,4726.6,-31338.1,42928.4,4122.8,-31081.5,43330.3,4940.1,-30832.1,43429.8,1,0.24,15.72,1
2022-05-22 00:15:18.577,0.000,0.000,0.000,0.00,0.00,0.00,0.00,0.00,0.00,0.00,0.00,0.000,0,061210.60,4000.00201810,N,11619.59472064,E,1,12,1.1,41.7228,M,-9.2909,M,,*4E,1,4010.8,-31432.3,43223.7,4801.5,-31618.5,42708.2,4196.7,-31365.5,43112.1,5013.2,-31110.4,43208.5,1,0.25,15.72,1
2022-05-22 00:15:18.765,0.000,0.000,0.000,0.00,0.00,0.00,0.00,0.00,0.00,0.00,0.00,0.000,0,061210.80,4000.00199267,N,11619.59474146,E,1,12,1.1,41.6910,M,-9.2909,M,,*4E,1,4084.9,-31471.1,43154.8,5130.4,-31655.1,42644.2,4524.0,-31408.0,43046.6,5341.3,-31139.4,43141.4,1,0.25,15.72,1
2022-05-22 00:15:18.968,0.000,0.000,0.000,0.00,0.00,0.00,0.00,0.00,0.00,0.00,0.00,0.000,0,061211.00,4000.00196067,N,11619.59474684,E,1,12,1.1,41.6676,M,-9.2909,M,,*4C,1,4416.1,-31032.5,43510.4,4715.3,-31232.7,43002.9,4104.8,-30970.4,43401.6,4930.2,-30710.8,43498.4,1,0.25,15.72,1
2022-05-22 00:15:19.171,0.000,0.000,0.000,0.00,0.00,0.00,0.00,0.00,0.00,0.00,0.00,0.000,0,061211.20,4000.00193085,N,11619.59475434,E,1,12,1.1,41.6355,M,-9.2909,M,,*4B,1,4001.1,-30293.6,44101.4,3841.7,-30519.9,43598.9,3226.2,-30230.3,43991.2,4060.4,-29995.3,44092.2,1,0.25,15.72,1
2022-05-22 00:15:19.374,0.000,0.000,0.000,0.00,0.00,0.00,0.00,0.00,0.00,0.00,0.00,0.000,0,061211.40,4000.00190159,N,11619.59475547,E,1,13,1.1,41.6007,M,-9.2909,M,,*4E,1,3125.8,-29922.0,44412.9,2762.3,-30169.1,43914.1,2138.9,-29850.0,44307.6,2979.1,-29635.0,44412.2,1,0.25,15.72,1
2022-05-22 00:15:19.577,0.000,0.000,0.000,0.00,0.00,0.00,0.00,0.00,0.00,0.00,0.00,0.000,0,061211.60,4000.00187713,N,11619.59475881,E,1,13,1.1,41.5800,M,-9.2909,M,,*49,1,2041.7,-30178.2,44258.5,2047.7,-30432.9,43763.5,1415.4,-30094.7,44159.7,2263.1,-29886.5,44267.3,1,0.24,15.73,1
2022-05-22 00:15:19.780,0.000,0.000,0.000,0.00,0.00,0.00,0.00,0.00,0.00,0.00,0.00,0.000,0,061211.80,4000.00186177,N,11619.59479922,E,1,13,1.1,41.5526,M,-9.2909,M,,*4F,1,1324.6,-30450.0,43948.9,4335.5,-30677.1,43449.7,3713.4,-30389.9,43840.5,4559.9,-30137.7,43929.1,1,0.24,15.73,1
2022-05-22 00:15:19.968,0.000,0.000,0.000,0.00,0.00,0.00,0.00,0.00,0.00,0.00,0.00,0.000,0,061212.00,4000.00184956,N,11619.59482824,E,1,13,1.1,41.5379,M,-9.2909,M,,*42,1,3632.6,-31127.4,43307.9,5911.8,-31321.1,42810.1,5296.3,-31076.4,43202.9,6134.4,-30780.3,43278.7,1,0.24,15.73,1
2022-05-22 00:15:20.171,0.000,0.000,0.000,0.00,0.00,0.00,0.00,0.00,0.00,0.00,0.00,0.000,0,061212.20,4000.00182638,N,11619.59482501,E,1,13,1.1,41.5202,M,-9.2909,M,,*46,1,5216.3,-31971.4,42724.2,5530.2,-32148.6,42227.2,4912.0,-31903.7,42631.4,5739.1,-31600.7,42701.7,1,0.24,15.73,1
2022-05-22 00:15:20.374,0.000,0.000,0.000,0.00,0.00,0.00,0.00,0.00,0.00,0.00,0.00,0.000,0,061212.40,4000.00179896,N,11619.59485285,E,1,13,1.1,41.4861,M,-9.2909,M,,*4C,1,4824.7,-32239.7,42487.2,5875.9,-32399.1,41989.1,5260.4,-32168.7,42396.6,6074.3,-31855.3,42454.6,1,0.24,15.87,1
2022-05-22 00:15:20.577,0.000,0.000,0.000,0.00,0.00,0.00,0.00,0.00,0.00,0.00,0.00,0.000,0,061212.60,4000.00176909,N,11619.59488495,E,1,13,1.1,41.4610,M,-9.2909,M,,*44,1,5168.2,-31850.4,42721.3,6435.7,-32000.6,42217.5,5827.5,-31783.5,42621.8,6633.8,-31467.7,42666.6,1,0.24,15.87,1
2022-05-22 00:15:20.764,0.000,0.000,0.000,0.00,0.00,0.00,0.00,0.00,0.00,0.00,0.00,0.000,0,061212.80,4000.00174746,N,11619.59489901,E,1,13,1.1,41.4534,M,-9.2909,M,,*49,1,5733.3,-31887.7,42704.0,6347.6,-32031.3,42201.4,5741.4,-31816.3,42608.0,6538.1,-31493.4,42655.3,1,0.24,15.87,1
2022-05-22 00:15:20.967,0.000,0.000,0.000,0.00,0.00,0.00,0.00,0.00,0.00,0.00,0.00,0.000,0,061213.00,4000.00172991,N,11619.59492648,E,1,13,1.1,41.4142,M,-9.2909,M,,*4F,1,5642.0,-31751.3,42768.0,6713.6,-31893.4,42261.2,6112.7,-31687.2,42667.0,6904.5,-31360.7,42717.1,1,0.24,15.87,1
2022-05-22 00:15:21.170,0.000,0.000,0.000,0.00,0.00,0.00,0.00,0.00,0.00,0.00,0.00,0.000,0,061213.20,4000.00170757,N,11619.59494562,E,1,13,1.1,41.3962,M,-9.2909,M,,*4B,1,6011.1,-31413.8,43032.6,6681.8,-31566.9,42525.2,6081.1,-31357.5,42927.8,6878.7,-31040.6,42983.4,1,0.24,15.87,1
2022-05-22 00:15:21.373,0.000,0.000,0.000,0.00,0.00,0.00,0.00,0.00,0.00,0.00,0.00,0.000,0,061213.40,4000.00169021,N,11619.59495306,E,1,13,1.1,41.3848,M,-9.2909,M,,*4F,1,5979.5,-31597.5,42995.4,5911.9,-31761.2,42491.3,5304.5,-31532.5,42896.0,6108.6,-31226.4,42959.0,1,0.24,15.87,1
2022-05-22 00:15:21.572,0.000,0.000,0.000,0.00,0.00,0.00,0.00,0.00,0.00,0.00,0.00,0.000,0,061213.60,4000.00167197,N,11619.59496789,E,1,12,1.1,41.3710,M,-9.2909,M,,*4C,1,5203.2,-31543.0,43094.0,5429.8,-31722.0,42591.4,4816.5,-31477.8,42995.0,5631.9,-31183.1,43065.5,1,0.24,15.72,1
2022-05-22 00:15:21.775,0.000,0.000,0.000,0.00,0.00,0.00,0.00,0.00,0.00,0.00,0.00,0.000,0,061213.80,4000.00165231,N,11619.59497463,E,1,13,1.1,41.3473,M,-9.2909,M,,*4E,1,4719.3,-31494.1,43229.0,4466.9,-31695.9,42728.8,3845.3,-31423.0,43130.4,4677.6,-31154.3,43212.7,1,0.24,15.72,1
2022-05-22 00:15:21.978,0.000,0.000,0.000,0.00,0.00,0.00,0.00,0.00,0.00,0.00,0.00,0.000,0,061214.00,4000.00163208,N,11619.59497420,E,1,12,1.1,41.3201,M,-9.2909,M,,*48,1,3753.0,-31486.3,43340.9,2892.4,-31715.8,42844.0,2258.9,-31399.7,43246.0,3108.4,-31166.2,43342.9,1,0.24,15.72,1
2022-05-22 00:15:22.181,0.000,0.000,0.000,0.00,0.00,0.00,0.00,0.00,0.00,0.00,0.00,0.000,0,061214.20,4000.00160888,N,11619.59499321,E,1,13,1.1,41.2975,M,-9.2909,M,,*4B,1,2172.9,-31114.9,43624.0,2608.5,-31359.0,43128.7,1972.1,-31028.0,43527.0,2832.0,-30805.0,43624.9,1,0.24,15.72,1
2022-05-22 00:15:22.368,0.000,0.000,0.000,0.00,0.00,0.00,0.00,0.00,0.00,0.00,0.00,0.000,0,061214.40,4000.00158681,N,11619.59501926,E,1,13,1.1,41.2767,M,-9.2909,M,,*41,1,1894.2,-30669.3,43915.4,3376.4,-30908.2,43421.0,2746.5,-30592.3,43812.7,3605.6,-30359.0,43904.8,1,0.24,15.72,1
2022-05-22 00:15:22.571,0.000,0.000,0.000,0.00,0.00,0.00,0.00,0.00,0.00,0.00,0.00,0.000,0,061214.60,4000.00156458,N,11619.59504591,E,1,13,1.1,41.2401,M,-9.2909,M,,*4D,1,2670.2,-30556.2,43913.8,4530.9,-30776.9,43417.4,3910.9,-30492.6,43805.4,4758.3,-30232.6,43889.7,1,0.24,15.72,1
2022-05-22 00:15:22.774,0.000,0.000,0.000,0.00,0.00,0.00,0.00,0.00,0.00,0.00,0.00,0.000,0,061214.80,4000.00153891,N,11619.59506725,E,1,13,1.1,41.2091,M,-9.2909,M,,*4D,1,3829.8,-30467.7,43905.8,5186.3,-30675.3,43405.5,4574.5,-30413.0,43794.3,5406.9,-30137.4,43877.8,1,0.24,15.72,1
2022-05-22 00:15:22.977,0.000,0.000,0.000,0.00,0.00,0.00,0.00,0.00,0.00,0.00,0.00,0.000,0,061215.00,4000.00151907,N,11619.59507714,E,1,13,1.1,41.1932,M,-9.2909,M,,*48,1,4485.3,-30340.5,43982.6,5338.0,-30543.9,43479.6,4733.6,-30289.7,43866.6,5558.2,-30015.4,43953.0,1,0.24,15.72,1
2022-05-22 00:15:23.180,0.000,0.000,0.000,0.00,0.00,0.00,0.00,0.00,0.00,0.00,0.00,0.000,0,061215.20,4000.00149651,N,11619.59508397,E,1,13,1.1,41.1621,M,-9.2909,M,,*42,1,4636.3,-30120.3,44191.1,4802.0,-30333.7,43687.4,4197.3,-30066.9,44074.3,5024.9,-29809.0,44167.6,1,0.24,15.72,1
2022-05-22 00:15:23.373,0.000,0.000,0.000,0.00,0.00,0.00,0.00,0.00,0.00,0.00,0.00,0.000,0,061215.40,4000.00147645,N,11619.59509885,E,1,13,1.1,41.1384,M,-9.2909,M,,*4C,1,4096.5,-29970.3,44290.4,4738.9,-30195.3,43787.7,4128.4,-29925.2,44172.5,4961.8,-29669.1,44268.3,1,0.24,15.72,1
2022-05-22 00:15:23.576,0.000,0.000,0.000,0.00,0.00,0.00,0.00,0.00,0.00,0.00,0.00,0.000,0,061215.60,4000.00145594,N,11619.59510685,E,1,13,1.1,41.1089,M,-9.2909,M,,*4B,1,4031.6,-29817.1,44447.4,4107.3,-30053.9,43950.0,3488.6,-29762.5,44334.0,4333.6,-29520.1,44423.8,1,0.24,15.72,1
2022-05-22 00:15:23.779,0.000,0.000,0.000,0.00,0.00,0.00,0.00,0.00,0.00,0.00,0.00,0.000,0,061215.80,4000.00143581,N,11619.59512439,E,1,13,1.1,41.0916,M,-9.2909,M,,*4E,1,3399.3,-29757.5,44497.2,4013.5,-29996.0,44001.8,3392.1,-29698.1,44384.9,4242.9,-29456.4,44471.3,1,0.24,15.72,1
2022-05-22 00:15:23.967,0.000,0.000,0.000,0.00,0.00,0.00,0.00,0.00,0.00,0.00,0.00,0.000,0,061216.00,4000.00141483,N,11619.59514222,E,1,13,1.1,41.0609,M,-9.2909,M,,*4F,1,3308.8,-29914.0,44389.8,4073.3,-30149.4,43893.2,3452.2,-29851.7,44277.7,4303.1,-29604.0,44366.9,1,0.24,15.72,1
2022-05-22 00:15:24.170,0.000,0.000,0.000,0.00,0.00,0.00,0.00,0.00,0.00,0.00,0.00,0.000,0,061216.20,4000.00139289,N,11619.59515656,E,1,13,1.1,41.0401,M,-9.2909,M,,*42,1,3370.3,-29649.2,44586.3,3810.7,-29891.7,44090.1,3189.1,-29587.3,44473.9,4040.7,-29350.7,44564.2,1,0.24,15.72,1
2022-05-22 00:15:24.373,0.000,0.000,0.000,0.00,0.00,0.00,0.00,0.00,0.00,0.00,0.00,0.000,0,061216.40,4000.00137138,N,11619.59517499,E,1,13,1.1,41.0259,M,-9.2908,M,,*4A,1,3106.1,-29522.5,44664.1,3891.6,-29765.4,44168.0,3270.9,-29463.5,44553.6,4118.9,-29224.8,44641.3,1,0.24,15.72,1
2022-05-22 00:15:24.571,0.000,0.000,0.000,0.00,0.00,0.00,0.00,0.00,0.00,0.00,0.00,0.000,0,061216.60,4000.00134985,N,11619.59519371,E,1,13,1.1,40.9904,M,-9.2908,M,,*41,1,3187.0,-29688.6,44515.2,4256.7,-29922.2,44018.1,3636.7,-29631.4,44404.7,4479.8,-29379.6,44484.7,1,0.24,15.72,1
2022-05-22 00:15:24.765,0.000,0.000,0.000,0.00,0.00,0.00,0.00,0.00,0.00,0.00,0.00,0.000,0,061216.80,4000.00132610,N,11619.59521521,E,1,13,1.1,40.9384,M,-9.2908,M,,*40,1,3553.0,-29833.5,44355.3,4816.4,-30051.7,43856.0,4199.1,-29776.6,44241.9,5036.6,-29511.3,44304.7,1,0.24,15.72,1
2022-05-22 00:15:24.969,0.000,0.000,0.000,0.00,0.00,0.00,0.00,0.00,0.00,0.00,0.00,0.000,0,061217.00,4000.00130863,N,11619.59522733,E,1,13,1.1,40.9202,M,-9.2908,M,,*4C,1,4116.1,-30246.4,44060.5,4922.5,-30444.5,43556.2,4308.4,-30178.5,43947.3,5135.2,-29906.2,43996.2,1,0.24,15.72,1
2022-05-22 00:15:25.172,0.000,0.000,0.000,0.00,0.00,0.00,0.00,0.00,0.00,0.00,0.00,0.000,0,061217.20,4000.00128871,N,11619.59524953,E,1,13,1.1,40.8938,M,-9.2908,M,,*49,1,4218.9,-30456.3,43960.3,4584.3,-30649.0,43451.9,3974.9,-30381.2,43848.0,4791.9,-30118.9,43902.9,1,0.24,15.72,1
2022-05-22 00:15:25.379,0.000,0.000,0.000,0.00,0.00,0.00,0.00,0.00,0.00,0.00,0.00,0.000,0,061217.40,4000.00126894,N,11619.59527909,E,1,13,1.1,40.8623,M,-9.2908,M,,*43,1,3875.7,-29886.1,44245.2,5801.5,-30075.3,43736.6,5203.5,-29834.5,44123.3,6017.5,-29559.9,44180.6,1,0.25,15.87,1
2022-05-22 00:15:25.567,0.000,0.000,0.000,0.00,0.00,0.00,0.00,0.00,0.00,0.00,0.00,0.000,0,061217.60,4000.00124290,N,11619.59528599,E,1,13,1.1,40.8377,M,-9.2908,M,,*43,1,5103.7,-29317.4,44657.5,5499.9,-29524.7,44152.0,4899.8,-29271.2,44535.2,5721.0,-29007.8,44600.8,1,0.25,15.87,1
2022-05-22 00:15:25.769,0.000,0.000,0.000,0.00,0.00,0.00,0.00,0.00,0.00,0.00,0.00,0.000,0,061217.80,4000.00121870,N,11619.59530474,E,1,13,1.1,40.8157,M,-9.2908,M,,*47,1,4801.8,-28800.0,45076.5,4484.8,-29034.6,44579.1,3876.7,-28752.3,44958.9,4707.2,-28513.6,45034.1,1,0.25,15.87,1
2022-05-22 00:15:25.974,0.000,0.000,0.000,0.00,0.00,0.00,0.00,0.00,0.00,0.00,0.00,0.000,0,061218.00,4000.00120476,N,11619.59534181,E,1,13,1.1,40.8045,M,-9.2908,M,,*42,1,3780.6,-28656.8,45197.4,3949.9,-28904.1,44706.5,3336.6,-28606.1,45083.1,4168.4,-28376.8,45162.9,1,0.25,15.87,1
2022-05-22 00:15:26.179,0.000,0.000,0.000,0.00,0.00,0.00,0.00,0.00,0.00,0.00,0.00,0.000,0,061218.20,4000.00119012,N,11619.59534859,E,1,13,1.1,40.7805,M,-9.2908,M,,*43,1,3243.9,-29732.3,44550.9,2575.6,-29979.3,44052.5,1949.4,-29652.2,44441.8,2790.6,-29436.4,44526.9,1,0.25,15.87,1
2022-05-22 00:15:26.366,0.000,0.000,0.000,0.00,0.00,0.00,0.00,0.00,0.00,0.00,0.00,0.000,0,061218.40,4000.00117714,N,11619.59535902,E,1,13,1.1,40.7433,M,-9.2908,M,,*4D,1,1858.7,-31164.4,43578.4,1121.0,-31400.8,43077.4,482.7,-31042.9,43479.8,1328.1,-30839.1,43565.3,1,0.25,15.87,1
2022-05-22 00:15:26.569,0.000,0.000,0.000,0.00,0.00,0.00,0.00,0.00,0.00,0.00,0.00,0.000,0,061218.60,4000.00116029,N,11619.59539244,E,1,13,1.1,40.7309,M,-9.2908,M,,*4C,1,394.0,-31074.7,43617.8,1985.3,-31308.9,43121.8,1346.9,-30966.4,43520.3,2197.2,-30745.7,43597.4,1,0.24,15.72,1
2022-05-22 00:15:26.772,0.000,0.000,0.000,0.00,0.00,0.00,0.00,0.00,0.00,0.00,0.00,0.000,0,061218.80,4000.00113619,N,11619.59541004,E,1,13,1.1,40.6964,M,-9.2908,M,,*4B,1,1266.5,-29998.9,44289.1,3678.1,-30236.2,43800.8,3046.6,-29927.8,44187.4,3893.3,-29677.6,44261.1,1,0.24,15.72,1
2022-05-22 00:15:26.976,0.000,0.000,0.000,0.00,0.00,0.00,0.00,0.00,0.00,0.00,0.00,0.000,0,061219.00,4000.00111587,N,11619.59541279,E,1,13,1.1,40.6470,M,-9.2908,M,,*44,1,2971.4,-29673.1,44481.9,4007.6,-29908.2,43992.2,3379.7,-29607.6,44374.2,4225.3,-29351.1,44440.5,1,0.24,15.72,1
2022-05-22 00:15:27.171,0.000,0.000,0.000,0.00,0.00,0.00,0.00,0.00,0.00,0.00,0.00,0.000,0,061219.20,4000.00110384,N,11619.59542599,E,1,13,1.1,40.6529,M,-9.2908,M,,*45,1,3305.0,-30174.0,44063.4,4868.4,-30384.1,43565.5,4244.1,-30108.1,43949.7,5085.3,-29831.9,43995.9,1,0.24,15.72,1
2022-05-22 00:15:27.374,0.000,0.000,0.000,0.00,0.00,0.00,0.00,0.00,0.00,0.00,0.00,0.000,0,061219.40,4000.00109028,N,11619.59545271,E,1,13,1.1,40.6303,M,-9.2908,M,,*46,1,4171.5,-30698.2,43557.8,6146.0,-30878.3,43055.1,5526.9,-30635.2,43439.1,6377.0,-30320.9,43469.4,1,0.24,15.72,1
2022-05-22 00:15:27.573,0.000,0.000,0.000,0.00,0.00,0.00,0.00,0.00,0.00,0.00,0.00,0.000,0,061219.60,4000.00106529,N,11619.59547515,E,1,13,1.1,40.6010,M,-9.2908,M,,*49,1,5457.7,-29976.7,44023.6,6477.9,-30163.0,43520.8,5864.8,-29927.9,43900.2,6704.7,-29619.1,43927.1,1,0.24,15.72,1
2022-05-22 00:15:27.776,0.000,0.000,0.000,0.00,0.00,0.00,0.00,0.00,0.00,0.00,0.00,0.000,0,061219.80,4000.00106099,N,11619.59549391,E,1,13,1.1,40.5875,M,-9.2908,M,,*45,1,5791.4,-30226.2,43867.2,6380.8,-30407.3,43366.8,5768.4,-30173.9,43749.8,6601.1,-29863.1,43782.2,1,0.24,15.72,1
2022-05-22 00:15:27.979,0.000,0.000,0.000,0.00,0.00,0.00,0.00,0.00,0.00,0.00,0.00,0.000,0,061220.00,4000.00105663,N,11619.59550373,E,1,13,1.1,40.5602,M,-9.2908,M,,*4D,1,5690.0,-30899.0,43518.7,5377.0,-31081.6,43011.4,4762.3,-30829.3,43403.0,5596.2,-30532.7,43452.9,1,0.24,15.72,1
2022-05-22 00:15:28.166,0.000,0.000,0.000,0.00,0.00,0.00,0.00,0.00,0.00,0.00,0.00,0.000,0,061220.20,4000.00102316,N,11619.59552353,E,1,13,1.1,40.5633,M,-9.2908,M,,*4D,1,4675.2,-29485.1,44556.1,4812.0,-29704.5,44060.8,4198.3,-29433.8,44443.2,5028.2,-29167.0,44505.9,1,0.24,15.72,1
2022-05-22 00:15:28.369,0.000,0.000,0.000,0.00,0.00,0.00,0.00,0.00,0.00,0.00,0.00,0.000,0,061220.40,4000.00100530,N,11619.59556838,E,1,13,1.1,40.5415,M,-9.2908,M,,*4F,1,4106.9,-28214.0,45257.3,6031.9,-28434.5,44775.9,5430.9,-28190.5,45146.4,6260.1,-27895.7,45211.3,1,0.24,15.72,1
2022-05-22 00:15:28.572,0.000,0.000,0.000,0.00,0.00,0.00,0.00,0.00,0.00,0.00,0.00,0.000,0,061220.60,4000.00100227,N,11619.59558559,E,1,13,1.1,40.5320,M,-9.2908,M,,*49,1,5337.8,-29017.1,44673.9,6608.4,-29210.5,44182.0,6015.7,-28989.7,44559.0,6822.1,-28667.5,44633.0,1,0.24,15.72,1
2022-05-22 00:15:28.775,0.000,0.000,0.000,0.00,0.00,0.00,0.00,0.00,0.00,0.00,0.00,0.000,0,061220.80,4000.00098134,N,11619.59557078,E,1,13,1.1,40.5244,M,-9.2908,M,,*4C,1,5914.5,-30048.9,44192.1,4584.3,-30248.1,43695.1,3977.1,-29984.4,44088.1,4786.7,-29694.9,44161.9,1,0.24,15.72,1
2022-05-22 00:15:28.978,0.000,0.000,0.000,0.00,0.00,0.00,0.00,0.00,0.00,0.00,0.00,0.000,0,061221.00,4000.00095996,N,11619.59560733,E,1,13,1.1,40.4966,M,-9.2908,M,,*4E,1,3870.8,-29965.8,44221.8,4827.4,-30163.3,43730.4,4218.8,-29905.2,44122.1,5027.9,-29605.1,44194.0,1,0.24,15.72,1
2022-05-22 00:15:29.166,0.000,0.000,0.000,0.00,0.00,0.00,0.00,0.00,0.00,0.00,0.00,0.000,0,061221.20,4000.00095402,N,11619.59564840,E,1,13,1.1,40.5005,M,-9.2908,M,,*4E,1,4114.6,-29562.7,44334.7,6288.4,-29750.7,43849.6,5686.1,-29524.8,44232.6,6491.2,-29192.7,44298.1,1,0.24,15.72,1
2022-05-22 00:15:29.369,0.000,0.000,0.000,0.00,0.00,0.00,0.00,0.00,0.00,0.00,0.00,0.000,0,061221.40,4000.00093424,N,11619.59564775,E,1,13,1.1,40.4942,M,-9.2908,M,,*48,1,5587.8,-29664.7,44223.2,6538.3,-29847.6,43745.0,5932.8,-29625.4,44127.0,6730.6,-29277.4,44185.6,1,0.24,15.72,1
2022-05-22 00:15:29.572,0.000,0.000,0.000,0.00,0.00,0.00,0.00,0.00,0.00,0.00,0.00,0.000,0,061221.60,4000.00091692,N,11619.59565607,E,1,12,1.1,40.4852,M,-9.2908,M,,*43,1,5838.4,-30304.0,43869.4,5735.9,-30486.7,43396.1,5120.2,-30249.0,43787.0,5920.4,-29895.9,43852.2,1,0.24,15.73,1
2022-05-22 00:15:29.775,0.000,0.000,0.000,0.00,0.00,0.00,0.00,0.00,0.00,0.00,0.00,0.000,0,061221.80,4000.00089531,N,11619.59569834,E,1,13,1.1,40.4835,M,-9.2908,M,,*4C,1,5024.5,-29855.4,44125.8,6316.4,-30042.6,43652.6,5712.4,-29822.2,44034.8,6515.1,-29469.7,44123.3,1,0.24,15.73,1
2022-05-22 00:15:29.978,0.000,0.000,0.000,0.00,0.00,0.00,0.00,0.00,0.00,0.00,0.00,0.000,0,061222.00,4000.00086599,N,11619.59571886,E,1,13,1.1,40.4731,M,-9.2908,M,,*41,1,5607.3,-28968.3,44737.5,6343.8,-29172.4,44261.2,5751.1,-28954.0,44634.2,6557.3,-28620.1,44744.7,1,0.24,15.73,1
2022-05-22 00:15:30.165,0.000,0.000,0.000,0.00,0.00,0.00,0.00,0.00,0.00,0.00,0.00,0.000,0,061222.20,4000.00084173,N,11619.59574182,E,1,13,1.1,40.4606,M,-9.2908,M,,*4C,1,5636.0,-28611.0,45025.3,5995.4,-28826.3,44547.0,5405.7,-28598.0,44917.2,6213.9,-28281.5,45035.6,1,0.24,15.73,1
2022-05-22 00:15:30.369,0.000,0.000,0.000,0.00,0.00,0.00,0.00,0.00,0.00,0.00,0.00,0.000,0,061222.40,4000.00082902,N,11619.59578850,E,1,13,1.1,40.4426,M,-9.2908,M,,*48,1,5288.8,-28233.6,45164.7,6758.0,-28444.7,44684.9,6174.4,-28231.9,45052.8,6975.9,-27903.3,45159.8,1,0.24,15.87,1
2022-05-22 00:15:30.567,0.000,0.000,0.000,0.00,0.00,0.00,0.00,0.00,0.00,0.00,0.00,0.000,0,061222.60,4000.00081271,N,11619.59581960,E,1,13,1.1,40.4405,M,-9.2908,M,,*43,1,6061.0,-28321.6,45054.4,7079.2,-28523.4,44573.1,6496.4,-28320.3,44944.7,7291.5,-27981.6,45040.0,1,0.24,15.87,1
2022-05-22 00:15:30.770,0.000,0.000,0.000,0.00,0.00,0.00,0.00,0.00,0.00,0.00,0.00,0.000,0,061222.80,4000.00079861,N,11619.59584338,E,1,13,1.1,40.4278,M,-9.2908,M,,*4F,1,6383.4,-28810.0,44721.5,7223.8,-28998.3,44237.0,6642.0,-28804.5,44612.1,7432.3,-28456.8,44711.1,1,0.24,15.87,1
2022-05-22 00:15:30.973,0.000,0.000,0.000,0.00,0.00,0.00,0.00,0.00,0.00,0.00,0.00,0.000,0,061223.00,4000.00078726,N,11619.59588769,E,1,13,1.1,40.4154,M,-9.2908,M,,*4A,1,6525.3,-28664.0,44677.3,8195.8,-28845.7,44193.0,7623.5,-28674.4,44562.0,8412.9,-28313.2,44665.3,1,0.24,15.87,1
2022-05-22 00:15:31.176,0.000,0.000,0.000,0.00,0.00,0.00,0.00,0.00,0.00,0.00,0.00,0.000,0,061223.20,4000.00076444,N,11619.59591507,E,1,13,1.1,40.3936,M,-9.2908,M,,*48,1,7506.0,-28219.5,44943.2,8371.7,-28410.8,44461.6,7803.3,-28240.8,44825.1,8596.8,-27883.5,44933.8,1,0.24,15.87,1
2022-05-22 00:15:31.379,0.000,0.000,0.000,0.00,0.00,0.00,0.00,0.00,0.00,0.00,0.00,0.000,0,061223.40,4000.00074488,N,11619.59594369,E,1,13,1.1,40.3622,M,-9.2908,M,,*4D,1,7685.7,-27791.3,45236.7,8296.7,-27993.7,44755.8,7733.4,-27817.8,45115.4,8530.3,-27472.8,45230.4,1,0.24,15.87,1
2022-05-22 00:15:31.582,0.000,0.000,0.000,0.00,0.00,0.00,0.00,0.00,0.00,0.00,0.00,0.000,0,061223.60,4000.00072232,N,11619.59595250,E,1,13,1.1,40.3617,M,-9.2908,M,,*42,1,7615.3,-27678.1,45488.3,7135.6,-27900.2,45008.9,6568.3,-27694.9,45370.4,7373.6,-27379.3,45496.1,1,0.25,15.72,1
2022-05-22 00:15:31.770,0.000,0.000,0.000,0.00,0.00,0.00,0.00,0.00,0.00,0.00,0.00,0.000,0,061223.80,4000.00070501,N,11619.59597123,E,1,13,1.1,40.3517,M,-9.2908,M,,*4F,1,6446.3,-27988.8,45349.9,6661.4,-28214.5,44868.2,6088.6,-28001.7,45235.0,6892.4,-27692.0,45367.7,1,0.25,15.72,1
2022-05-22 00:15:31.973,0.000,0.000,0.000,0.00,0.00,0.00,0.00,0.00,0.00,0.00,0.00,0.000,0,061224.00,4000.00070181,N,11619.59601552,E,1,13,1.1,40.3372,M,-9.2908,M,,*47,1,5964.5,-28871.3,44647.2,7503.5,-29072.3,44159.2,6928.4,-28884.0,44532.3,7722.4,-28539.0,44652.1,1,0.25,15.72,1
2022-05-22 00:15:32.176,0.000,0.000,0.000,0.00,0.00,0.00,0.00,0.00,0.00,0.00,0.00,0.000,0,061224.20,4000.00068291,N,11619.59603579,E,1,13,1.1,40.3266,M,-9.2908,M,,*41,1,6809.4,-28665.8,44627.5,8299.8,-28861.0,44150.5,7722.2,-28688.2,44518.4,8514.5,-28320.8,44616.8,1,0.25,15.72,1
2022-05-22 00:15:32.379,0.000,0.000,0.000,0.00,0.00,0.00,0.00,0.00,0.00,0.00,0.00,0.000,0,061224.40,4000.00066305,N,11619.59603752,E,1,12,1.3,40.2846,M,-9.2908,M,,*44,1,7611.9,-28521.0,44752.8,8081.6,-28719.2,44276.4,7504.1,-28542.7,44644.8,8295.1,-28179.3,44745.3,1,0.25,15.87,1
2022-05-22 00:15:32.582,0.000,0.000,0.000,0.00,0.00,0.00,0.00,0.00,0.00,0.00,0.00,0.000,0,061224.60,4000.00065580,N,11619.59605336,E,1,11,1.3,40.2275,M,-9.2908,M,,*47,1,7391.1,-28659.2,44700.8,7979.0,-28855.7,44214.1,7408.1,-28679.4,44584.7,8199.9,-28327.3,44700.8,1,0.25,15.87,1
2022-05-22 00:15:32.770,0.000,0.000,0.000,0.00,0.00,0.00,0.00,0.00,0.00,0.00,0.00,0.000,0,061224.80,4000.00063643,N,11619.59607708,E,1,11,1.3,40.2277,M,-9.2908,M,,*4A,1,7288.9,-28219.1,44922.4,8403.8,-28413.6,44437.6,7840.3,-28246.4,44803.5,8627.7,-27892.9,44914.9,1,0.25,15.87,1
2022-05-22 00:15:32.973,0.000,0.000,0.000,0.00,0.00,0.00,0.00,0.00,0.00,0.00,0.00,0.000,0,061225.00,4000.00061638,N,11619.59608901,E,1,11,1.3,40.1994,M,-9.2908,M,,*40,1,7720.3,-28131.8,44941.6,8698.2,-28319.8,44452.2,8141.0,-28159.6,44817.2,8925.6,-27802.5,44929.8,1,0.25,15.87,1
2022-05-22 00:15:33.169,0.000,0.000,0.000,0.00,0.00,0.00,0.00,0.00,0.00,0.00,0.00,0.000,0,061225.20,4000.00059531,N,11619.59610137,E,1,11,1.3,40.2064,M,-9.2908,M,,*42,1,8019.4,-27945.2,45061.8,8764.1,-28130.6,44572.5,8213.6,-27972.3,44934.5,8994.9,-27619.1,45046.2,1,0.25,15.87,1
2022-05-22 00:15:33.372,0.000,0.000,0.000,0.00,0.00,0.00,0.00,0.00,0.00,0.00,0.00,0.000,0,061225.40,4000.00058206,N,11619.59612196,E,1,13,1.1,40.1898,M,-9.2908,M,,*47,1,8089.0,-27772.7,45112.3,9105.7,-27953.4,44621.0,8558.6,-27803.3,44981.8,9336.2,-27444.4,45090.9,1,0.25,15.88,1
2022-05-22 00:15:33.570,0.000,0.000,0.000,0.00,0.00,0.00,0.00,0.00,0.00,0.00,0.00,0.000,0,061225.60,4000.00056707,N,11619.59613629,E,1,13,1.1,40.1734,M,-9.2908,M,,*44,1,8434.4,-27814.7,45070.3,9183.7,-27993.2,44577.7,8636.3,-27845.2,44939.6,9412.1,-27483.5,45046.1,1,0.25,15.88,1
2022-05-22 00:15:33.773,0.000,0.000,0.000,0.00,0.00,0.00,0.00,0.00,0.00,0.00,0.00,0.000,0,061225.80,4000.00055868,N,11619.59614616,E,1,13,1.1,40.1561,M,-9.2908,M,,*46,1,8512.8,-28094.6,44908.8,9063.2,-28269.8,44412.8,8512.8,-28121.2,44779.1,9288.0,-27760.8,44884.4,1,0.25,15.88,1
2022-05-22 00:15:33.976,0.000,0.000,0.000,0.00,0.00,0.00,0.00,0.00,0.00,0.00,0.00,0.000,0,061226.00,4000.00054568,N,11619.59615355,E,1,13,1.1,40.1494,M,-9.2908,M,,*49,1,8389.1,-28437.3,44712.1,8850.7,-28612.0,44214.0,8295.1,-28460.1,44582.9,9070.3,-28097.0,44687.1,1,0.25,15.88,1
2022-05-22 00:15:34.179,0.000,0.000,0.000,0.00,0.00,0.00,0.00,0.00,0.00,0.00,0.00,0.000,0,061226.20,4000.00051869,N,11619.59616834,E,1,12,1.1,40.1501,M,-9.2908,M,,*41,1,8172.0,-27774.0,45178.9,8486.8,-27965.4,44691.8,7926.4,-27801.2,45057.3,8706.9,-27447.2,45158.6,1,0.25,15.88,1
2022-05-22 00:15:34.382,0.000,0.000,0.000,0.00,0.00,0.00,0.00,0.00,0.00,0.00,0.00,0.000,0,061226.40,4000.00050945,N,11619.59619804,E,1,12,1.1,40.1287,M,-9.2908,M,,*4C,1,7805.5,-27980.3,45007.3,8700.9,-28165.4,44519.0,8142.3,-28007.7,44884.1,8918.9,-27641.6,44985.0,1,0.25,15.88,1
2022-05-22 00:15:34.569,0.000,0.000,0.000,0.00,0.00,0.00,0.00,0.00,0.00,0.00,0.00,0.000,0,061226.60,4000.00049368,N,11619.59622156,E,1,12,1.1,40.1170,M,-9.2908,M,,*4E,1,8021.6,-27987.6,45005.4,8696.4,-28171.5,44516.4,8136.9,-28013.2,44882.1,8915.2,-27651.1,44978.6,1,0.24,15.72,1
2022-05-22 00:15:34.772,0.000,0.000,0.000,0.00,0.00,0.00,0.00,0.00,0.00,0.00,0.00,0.000,0,061226.80,4000.00047614,N,11619.59624063,E,1,12,1.1,40.1123,M,-9.2908,M,,*47,1,8017.2,-28467.4,44696.3,8764.4,-28637.0,44199.9,8205.2,-28482.7,44571.3,8983.1,-28115.0,44665.0,1,0.24,15.72,1
2022-05-22 00:15:34.975,0.000,0.000,0.000,0.00,0.00,0.00,0.00,0.00,0.00,0.00,0.00,0.000,0,061227.00,4000.00045335,N,11619.59625587,E,1,13,1.1,40.1132,M,-9.2908,M,,*45,1,8085.4,-28413.9,44776.7,8530.8,-28587.2,44281.4,7971.1,-28425.2,44651.5,8750.7,-28063.5,44744.0,1,0.24,15.72,1
2022-05-22 00:15:35.178,0.000,0.000,0.000,0.00,0.00,0.00,0.00,0.00,0.00,0.00,0.00,0.000,0,061227.20,4000.00043102,N,11619.59626624,E,1,12,1.1,40.1160,M,-9.2908,M,,*48,1,7851.1,-27832.1,45219.5,8113.4,-28016.7,44731.4,7552.2,-27842.4,45098.8,8338.1,-27493.9,45192.7,1,0.24,15.72,1
2022-05-22 00:15:35.381,0.000,0.000,0.000,0.00,0.00,0.00,0.00,0.00,0.00,0.00,0.00,0.000,0,061227.40,4000.00042052,N,11619.59628469,E,1,13,1.1,40.1118,M,-9.2908,M,,*40,1,7431.4,-28187.3,45057.7,7734.8,-28375.0,44561.4,7170.5,-28193.1,44933.3,7947.5,-27854.6,45031.9,1,0.25,15.88,1
2022-05-22 00:15:35.569,0.000,0.000,0.000,0.00,0.00,0.00,0.00,0.00,0.00,0.00,0.00,0.000,0,061227.60,4000.00041016,N,11619.59629808,E,1,13,1.1,40.1061,M,-9.2908,M,,*44,1,7049.0,-28205.9,45039.9,7746.4,-28395.8,44545.0,7182.9,-28213.7,44915.7,7959.4,-27875.9,45013.8,1,0.25,15.88,1
2022-05-22 00:15:35.772,0.000,0.000,0.000,0.00,0.00,0.00,0.00,0.00,0.00,0.00,0.00,0.000,0,061227.80,4000.00039027,N,11619.59629709,E,1,12,1.1,40.1025,M,-9.2908,M,,*48,1,7060.7,-28024.3,45211.9,7322.7,-28225.1,44721.3,6754.7,-28031.0,45091.1,7536.0,-27702.9,45188.3,1,0.25,15.88,1
2022-05-22 00:15:35.975,0.000,0.000,0.000,0.00,0.00,0.00,0.00,0.00,0.00,0.00,0.00,0.000,0,061228.00,4000.00038116,N,11619.59631020,E,1,12,1.1,40.0899,M,-9.2908,M,,*46,1,6633.8,-28319.1,45036.8,7240.5,-28516.4,44543.6,6670.0,-28321.5,44916.5,7452.2,-27991.0,45013.3,1,0.25,15.88,1
2022-05-22 00:15:36.178,0.000,0.000,0.000,0.00,0.00,0.00,0.00,0.00,0.00,0.00,0.00,0.000,0,061228.20,4000.00037581,N,11619.59634150,E,1,12,1.1,40.0899,M,-9.2908,M,,*42,1,6549.6,-28650.9,44702.7,8017.1,-28829.8,44206.0,7449.9,-28654.9,44579.8,8224.5,-28306.5,44664.4,1,0.25,15.88,1
2022-05-22 00:15:36.381,0.000,0.000,0.000,0.00,0.00,0.00,0.00,0.00,0.00,0.00,0.00,0.000,0,061228.40,4000.00036960,N,11619.59635909,E,1,12,1.1,40.0979,M,-9.2908,M,,*4C,1,7332.9,-29269.1,44212.6,8473.1,-29423.8,43714.0,7906.8,-29266.3,44096.6,8671.5,-28900.2,44172.3,1,0.25,15.88,1
2022-05-22 00:15:36.580,0.000,0.000,0.000,0.00,0.00,0.00,0.00,0.00,0.00,0.00,0.00,0.000,0,061228.60,4000.00036832,N,11619.59635840,E,1,12,1.1,40.1340,M,-9.2908,M,,*45,1,7786.8,-30089.7,43668.6,8405.4,-30225.4,43168.4,7842.2,-30077.5,43563.2,8604.5,-29709.3,43650.8,1,0.24,15.73,1
2022-05-22 00:15:36.767,0.000,0.000,0.000,0.00,0.00,0.00,0.00,0.00,0.00,0.00,0.00,0.000,0,061228.80,4000.00036266,N,11619.59636329,E,1,12,1.1,40.1793,M,-9.2908,M,,*4D,1,7708.9,-31253.1,42801.8,8591.4,-31362.4,42303.3,8034.4,-31238.7,42714.0,8781.0,-30852.4,42827.3,1,0.24,15.73,1
2022-05-22 00:15:36.970,0.000,0.000,0.000,0.00,0.00,0.00,0.00,0.00,0.00,0.00,0.00,0.000,0,061229.00,4000.00035803,N,11619.59638015,E,1,12,1.1,40.1944,M,-9.2908,M,,*48,1,7879.8,-32226.4,42003.9,8892.3,-32315.2,41513.8,8344.0,-32221.0,41935.6,9081.7,-31815.6,42091.2,1,0.24,15.73,1
2022-05-22 00:15:37.176,0.000,0.000,0.000,0.00,0.00,0.00,0.00,0.00,0.00,0.00,0.00,0.000,0,061229.20,4000.00033625,N,11619.59638946,E,1,13,1.1,40.1884,M,-9.2908,M,,*45,1,8161.8,-32628.5,41720.6,8730.7,-32717.4,41234.1,8182.2,-32626.2,41659.1,8927.7,-32223.6,41833.5,1,0.24,15.73,1
2022-05-22 00:15:37.379,0.000,0.000,0.000,0.00,0.00,0.00,0.00,0.00,0.00,0.00,0.00,0.000,0,061229.40,4000.00032070,N,11619.59640148,E,1,13,1.1,40.2003,M,-9.2908,M,,*49,1,7988.3,-32345.9,41966.9,8689.2,-32450.7,41481.7,8141.0,-32352.6,41896.6,8904.1,-31968.8,42078.4,1,0.24,15.73,1
2022-05-22 00:15:37.582,0.000,0.000,0.000,0.00,0.00,0.00,0.00,0.00,0.00,0.00,0.00,0.000,0,061229.60,4000.00030235,N,11619.59640672,E,1,13,1.1,40.1970,M,-9.2908,M,,*4A,1,7949.1,-31894.9,42401.4,8176.5,-32020.1,41923.5,7620.0,-31902.2,42338.7,8383.0,-31522.1,42519.1,1,0.24,15.73,1
2022-05-22 00:15:37.771,0.000,0.000,0.000,0.00,0.00,0.00,0.00,0.00,0.00,0.00,0.00,0.000,0,061229.80,4000.00028999,N,11619.59641754,E,1,13,1.1,40.1972,M,-9.2908,M,,*46,1,7433.6,-31758.1,42525.0,8102.1,-31885.0,42045.8,7543.8,-31762.1,42461.5,8303.5,-31385.2,42633.7,1,0.24,15.73,1
2022-05-22 00:15:37.974,0.000,0.000,0.000,0.00,0.00,0.00,0.00,0.00,0.00,0.00,0.00,0.000,0,061230.00,4000.00027552,N,11619.59641916,E,1,13,1.1,40.2007,M,-9.2908,M,,*42,1,7361.3,-31852.2,42582.9,7300.5,-31977.6,42096.4,6737.1,-31834.9,42521.3,7487.8,-31467.5,42677.6,1,0.24,15.73,1
2022-05-22 00:15:38.178,0.000,0.000,0.000,0.00,0.00,0.00,0.00,0.00,0.00,0.00,0.00,0.000,0,061230.20,4000.00026766,N,11619.59643094,E,1,12,1.1,40.1946,M,-9.2908,M,,*4B,1,6557.4,-31741.6,42658.2,7443.7,-31862.4,42161.7,6884.1,-31719.0,42583.5,7635.4,-31361.9,42728.8,1,0.24,15.73,1
2022-05-22 00:15:38.382,0.000,0.000,0.000,0.00,0.00,0.00,0.00,0.00,0.00,0.00,0.00,0.000,0,061230.40,4000.00025668,N,11619.59644313,E,1,12,1.1,40.1867,M,-9.2908,M,,*48,1,6710.5,-31008.8,43191.4,7533.9,-31146.2,42692.5,6973.6,-30993.4,43103.1,7737.1,-30649.6,43236.8,1,0.24,15.73,1
2022-05-22 00:15:38.601,0.000,0.000,0.000,0.00,0.00,0.00,0.00,0.00,0.00,0.00,0.00,0.000,0,061230.60,4000.00024396,N,11619.59644953,E,1,12,1.1,40.1870,M,-9.2908,M,,*47,1,6812.0,-30526.8,43536.5,7502.6,-30676.3,43042.4,6940.2,-30517.6,43445.7,7709.9,-30175.7,43577.2,1,0.25,15.73,1
2022-05-22 00:15:38.788,0.000,0.000,0.000,0.00,0.00,0.00,0.00,0.00,0.00,0.00,0.00,0.000,0,061230.80,4000.00024029,N,11619.59646018,E,1,12,1.1,40.1960,M,-9.2908,M,,*4A,1,6784.1,-30751.9,43226.7,8331.7,-30885.6,42734.8,7774.2,-30752.0,43140.5,8534.1,-30380.7,43276.6,1,0.25,15.73,1
2022-05-22 00:15:38.991,0.000,0.000,0.000,0.00,0.00,0.00,0.00,0.00,0.00,0.00,0.00,0.000,0,061231.00,4000.00023405,N,11619.59646425,E,1,12,1.1,40.1912,M,-9.2908,M,,*41,1,7615.4,-30787.3,43035.1,9165.4,-30907.5,42550.0,8612.1,-30796.5,42954.3,9362.9,-30398.8,43087.8,1,0.25,15.73,1
2022-05-22 00:15:39.194,0.000,0.000,0.000,0.00,0.00,0.00,0.00,0.00,0.00,0.00,0.00,0.000,0,061231.20,4000.00021722,N,11619.59645009,E,1,12,1.1,40.1926,M,-9.2908,M,,*49,1,8452.3,-30846.9,43148.7,8373.2,-30983.0,42663.1,7814.4,-30850.2,43068.3,8575.1,-30470.5,43212.3,1,0.25,15.73,1
2022-05-22 00:15:39.397,0.000,0.000,0.000,0.00,0.00,0.00,0.00,0.00,0.00,0.00,0.00,0.000,0,061231.40,4000.00021283,N,11619.59645077,E,1,12,1.1,40.1941,M,-9.2908,M,,*49,1,7654.5,-30787.4,43244.9,8048.7,-30932.9,42764.8,7482.6,-30788.6,43168.3,8247.5,-30411.0,43309.8,1,0.25,15.88,1
2022-05-22 00:15:39.595,0.000,0.000,0.000,0.00,0.00,0.00,0.00,0.00,0.00,0.00,0.00,0.000,0,061231.60,4000.00020562,N,11619.59645735,E,1,12,1.1,40.1979,M,-9.2908,M,,*48,1,7327.6,-30491.7,43415.5,8323.1,-30641.9,42935.2,7757.3,-30499.4,43333.8,8527.7,-30123.7,43466.9,1,0.25,15.88,1
2022-05-22 00:15:39.787,0.000,0.000,0.000,0.00,0.00,0.00,0.00,0.00,0.00,0.00,0.00,0.000,0,061231.80,4000.00019753,N,11619.59644749,E,1,12,1.1,40.2157,M,-9.2908,M,,*41,1,7607.8,-30584.5,43357.3,8299.2,-30733.2,42875.9,7733.0,-30590.9,43275.3,8503.3,-30215.3,43410.0,1,0.25,15.88,1
2022-05-22 00:15:39.990,0.000,0.000,0.000,0.00,0.00,0.00,0.00,0.00,0.00,0.00,0.00,0.000,0,061232.00,4000.00019178,N,11619.59644463,E,1,12,1.1,40.2180,M,-9.2908,M,,*44,1,7583.1,-30528.0,43355.9,8544.6,-30672.8,42873.0,7981.4,-30536.0,43271.7,8748.2,-30156.0,43404.5,1,0.25,15.88,1
2022-05-22 00:15:40.200,0.000,0.000,0.000,0.00,0.00,0.00,0.00,0.00,0.00,0.00,0.00,0.000,0,061232.20,4000.00018636,N,11619.59644102,E,1,12,1.1,40.2283,M,-9.2908,M,,*48,1,7832.1,-30361.9,43562.3,8050.0,-30515.9,43077.3,7483.1,-30364.3,43477.3,8252.8,-29997.0,43605.1,1,0.25,15.88,1
2022-05-22 00:15:40.403,0.000,0.000,0.000,0.00,0.00,0.00,0.00,0.00,0.00,0.00,0.00,0.000,0,061232.40,4000.00017616,N,11619.59642594,E,1,12,1.1,40.2215,M,-9.2908,M,,*41,1,7336.0,-30074.5,43887.5,7301.8,-30250.4,43403.3,6727.6,-30073.6,43799.4,7510.9,-29729.0,43929.7,1,0.25,15.88,1
2022-05-22 00:15:40.591,0.000,0.000,0.000,0.00,0.00,0.00,0.00,0.00,0.00,0.00,0.00,0.000,0,061232.60,4000.00017497,N,11619.59641912,E,1,12,1.1,40.2157,M,-9.2908,M,,*4C,1,6586.7,-30340.1,43751.1,6793.9,-30522.6,43278.7,6207.6,-30334.1,43677.7,6992.6,-29980.9,43808.7,1,0.24,15.82,1
2022-05-22 00:15:40.794,0.000,0.000,0.000,0.00,0.00,0.00,0.00,0.00,0.00,0.00,0.00,0.000,0,061232.80,4000.00017416,N,11619.59642327,E,1,12,1.1,40.2228,M,-9.2908,M,,*4F,1,6070.1,-30886.6,43289.2,7194.6,-31058.9,42822.0,6603.9,-30880.7,43223.9,7378.0,-30498.2,43354.2,1,0.24,15.82,1
2022-05-22 00:15:40.997,0.000,0.000,0.000,0.00,0.00,0.00,0.00,0.00,0.00,0.00,0.00,0.000,0,061233.00,4000.00016578,N,11619.59641831,E,1,12,1.1,40.2176,M,-9.2908,M,,*49,1,6470.1,-30174.8,43789.8,7272.3,-30359.3,43323.9,6683.0,-30176.6,43716.8,7461.4,-29812.2,43840.1,1,0.24,15.82,1
2022-05-22 00:15:41.200,0.000,0.000,0.000,0.00,0.00,0.00,0.00,0.00,0.00,0.00,0.00,0.000,0,061233.20,4000.00016005,N,11619.59640676,E,1,12,1.1,40.2131,M,-9.2908,M,,*4B,1,6553.5,-30153.5,43901.2,6582.5,-30345.9,43433.4,5990.0,-30147.5,43829.6,6770.1,-29795.0,43957.7,1,0.24,15.82,1
2022-05-22 00:15:41.387,0.000,0.000,0.000,0.00,0.00,0.00,0.00,0.00,0.00,0.00,0.00,0.000,0,061233.40,4000.00016158,N,11619.59640798,E,1,12,1.1,40.2190,M,-9.2908,M,,*4E,1,5858.6,-30380.9,43735.6,6591.6,-30574.0,43270.3,5998.7,-30377.0,43667.1,6781.4,-30018.4,43804.1,1,0.24,15.82,1
2022-05-22 00:15:41.590,0.000,0.000,0.000,0.00,0.00,0.00,0.00,0.00,0.00,0.00,0.00,0.000,0,061233.60,4000.00015720,N,11619.59640297,E,1,12,1.1,40.2217,M,-9.2908,M,,*40,1,5865.7,-30224.8,43817.1,6904.8,-30427.9,43351.2,6318.2,-30237.7,43739.8,7112.8,-29890.9,43899.8,1,0.24,15.82,1
2022-05-22 00:15:41.793,0.000,0.000,0.000,0.00,0.00,0.00,0.00,0.00,0.00,0.00,0.00,0.000,0,061233.80,4000.00015250,N,11619.59639404,E,1,12,1.1,40.2315,M,-9.2908,M,,*4D,1,6181.3,-30210.5,43835.2,6820.1,-30417.3,43373.2,6230.5,-30222.9,43763.1,7025.3,-29872.0,43921.4,1,0.24,15.82,1
2022-05-22 00:15:41.996,0.000,0.000,0.000,0.00,0.00,0.00,0.00,0.00,0.00,0.00,0.00,0.000,0,061234.00,4000.00015716,N,11619.59639501,E,1,13,1.1,40.2339,M,-9.2908,M,,*4E,1,6096.2,-30120.7,43866.8,7005.3,-30325.4,43410.3,6414.4,-30133.7,43799.4,7207.1,-29771.3,43948.3,1,0.24,15.82,1
2022-05-22 00:15:42.191,0.000,0.000,0.000,0.00,0.00,0.00,0.00,0.00,0.00,0.00,0.00,0.000,0,061234.20,4000.00016041,N,11619.59639270,E,1,13,1.1,40.2421,M,-9.2908,M,,*45,1,6283.2,-30177.3,43819.1,7131.3,-30377.4,43361.1,6541.8,-30188.5,43751.4,7332.1,-29824.5,43895.6,1,0.24,15.82,1
2022-05-22 00:15:42.394,0.000,0.000,0.000,0.00,0.00,0.00,0.00,0.00,0.00,0.00,0.00,0.000,0,061234.40,4000.00016348,N,11619.59638985,E,1,13,1.1,40.2448,M,-9.2908,M,,*46,1,6410.7,-30263.9,43716.4,7297.3,-30453.7,43264.3,6705.7,-30271.5,43659.3,7485.2,-29886.1,43790.0,1,0.24,15.82,1
2022-05-22 00:15:42.600,0.000,0.000,0.000,0.00,0.00,0.00,0.00,0.00,0.00,0.00,0.00,0.000,0,061234.60,4000.00016123,N,11619.59638509,E,1,13,1.1,40.2323,M,-9.2908,M,,*49,1,6574.4,-30347.4,43634.7,7326.8,-30533.1,43188.7,6730.9,-30353.0,43586.3,7505.5,-29950.1,43709.9,1,0.24,15.82,1
2022-05-22 00:15:42.793,0.000,0.000,0.000,0.00,0.00,0.00,0.00,0.00,0.00,0.00,0.00,0.000,0,061234.80,4000.00016406,N,11619.59638325,E,1,13,1.1,40.2313,M,-9.2908,M,,*4E,1,6600.8,-30158.4,43745.8,7299.4,-30340.5,43307.8,6694.8,-30155.9,43705.1,7467.3,-29735.6,43794.2,1,0.24,15.82,1
2022-05-22 00:15:42.996,0.000,0.000,0.000,0.00,0.00,0.00,0.00,0.00,0.00,0.00,0.00,0.000,0,061235.00,4000.00018921,N,11619.59637566,E,1,12,1.1,40.2220,M,-9.2908,M,,*4F,1,6575.2,-29962.5,43907.1,7147.7,-30134.3,43462.3,6541.6,-29945.1,43861.6,7307.7,-29531.2,43923.3,1,0.24,15.82,1
2022-05-22 00:15:43.199,0.000,0.000,0.000,0.00,0.00,0.00,0.00,0.00,0.00,0.00,0.00,0.000,0,061235.20,4000.00025009,N,11619.59630177,E,1,12,1.1,40.1647,M,-9.2908,M,,*45,1,6424.8,-30248.5,43807.8,6686.7,-30404.0,43341.6,6086.1,-30209.2,43749.0,6842.4,-29827.5,43803.1,1,0.24,15.82,1
2022-05-22 00:15:43.387,0.000,0.000,0.000,0.00,0.00,0.00,0.00,0.00,0.00,0.00,0.00,0.000,0,061235.40,4000.00031078,N,11619.59622181,E,1,12,1.1,40.1114,M,-9.2908,M,,*4B,1,5962.3,-30666.3,43686.8,5801.7,-30828.3,43197.8,5209.9,-30615.7,43608.3,5978.3,-30289.3,43698.5,1,0.24,15.88,1
2022-05-22 00:15:43.590,0.000,0.000,0.000,0.00,0.00,0.00,0.00,0.00,0.00,0.00,0.00,0.000,0,061235.60,4000.00036987,N,11619.59613436,E,1,12,1.1,40.0635,M,-9.2908,M,,*49,1,5074.6,-30899.0,43616.3,5165.0,-31085.6,43129.6,4570.8,-30856.4,43535.6,5360.7,-30553.0,43664.8,1,0.24,15.88,1
2022-05-22 00:15:43.793,0.000,0.000,0.000,0.00,0.00,0.00,0.00,0.00,0.00,0.00,0.00,0.000,0,061235.80,4000.00041169,N,11619.59605504,E,1,13,1.1,40.0024,M,-9.2908,M,,*4F,1,4431.9,-30850.3,43629.8,4685.7,-31043.6,43169.3,4068.4,-30799.3,43584.2,4847.1,-30457.4,43680.2,1,0.24,15.88,1
2022-05-22 00:15:43.996,0.000,0.000,0.000,0.00,0.00,0.00,0.00,0.00,0.00,0.00,0.00,0.000,0,061236.00,4000.00044505,N,11619.59599190,E,1,13,1.1,39.9339,M,-9.2908,M,,*48,1,3942.7,-30741.7,43640.4,4726.0,-30899.2,43188.2,4090.2,-30657.9,43622.8,4826.7,-30268.0,43621.3,1,0.24,15.88,1
2022-05-22 00:15:44.193,0.000,0.000,0.000,0.00,0.00,0.00,0.00,0.00,0.00,0.00,0.00,0.000,0,061236.20,4000.00047430,N,11619.59594090,E,1,12,1.1,39.8809,M,-9.2908,M,,*4A,1,3976.5,-30709.7,43710.1,4978.1,-30897.3,43247.6,4363.1,-30657.3,43669.5,5122.8,-30302.0,43752.6,1,0.24,15.88,1
2022-05-22 00:15:44.395,0.000,0.000,0.000,0.00,0.00,0.00,0.00,0.00,0.00,0.00,0.00,0.000,0,061236.40,4000.00050064,N,11619.59588849,E,1,12,1.1,39.8405,M,-9.2908,M,,*4E,1,4241.9,-30578.0,43779.1,5335.9,-30747.2,43305.5,4729.4,-30519.4,43732.8,5470.0,-30159.9,43797.7,1,0.25,15.88,1
2022-05-22 00:15:44.598,0.000,0.000,0.000,0.00,0.00,0.00,0.00,0.00,0.00,0.00,0.00,0.000,0,061236.60,4000.00052647,N,11619.59583565,E,1,12,1.1,39.7948,M,-9.2908,M,,*4A,1,4603.9,-29981.1,44157.0,5810.9,-30155.5,43679.2,5213.7,-29935.4,44100.9,5951.8,-29582.5,44172.5,1,0.25,15.88,1
2022-05-22 00:15:44.794,0.000,0.000,0.000,0.00,0.00,0.00,0.00,0.00,0.00,0.00,0.00,0.000,0,061236.80,4000.00054910,N,11619.59578768,E,1,12,1.1,39.7690,M,-9.2908,M,,*4E,1,5087.9,-29495.7,44409.9,6383.1,-29669.4,43936.3,5788.1,-29460.0,44352.1,6525.8,-29092.9,44415.5,1,0.25,15.88,1
2022-05-22 00:15:44.997,0.000,0.000,0.000,0.00,0.00,0.00,0.00,0.00,0.00,0.00,0.00,0.000,0,061237.00,4000.00056760,N,11619.59573981,E,1,12,1.1,39.7348,M,-9.2908,M,,*4E,1,5665.9,-28911.6,44769.5,6613.4,-29094.2,44299.4,6021.7,-28885.5,44707.0,6764.2,-28518.8,44773.1,1,0.25,15.88,1
2022-05-22 00:15:45.186,0.000,0.000,0.000,0.00,0.00,0.00,0.00,0.00,0.00,0.00,0.00,0.000,0,061237.20,4000.00058532,N,11619.59569261,E,1,12,1.1,39.7064,M,-9.2908,M,,*44,1,5901.5,-28148.7,45265.2,6536.2,-28345.9,44801.3,5945.9,-28129.3,45201.2,6695.0,-27771.0,45267.5,1,0.25,15.88,1
2022-05-22 00:15:45.397,0.000,0.000,0.000,0.00,0.00,0.00,0.00,0.00,0.00,0.00,0.00,0.000,0,061237.40,4000.00061826,N,11619.59564922,E,1,12,1.1,39.6997,M,-9.2908,M,,*45,1,5829.9,-28408.7,44984.9,7188.7,-28591.6,44525.2,6597.0,-28393.5,44928.0,7336.9,-28007.2,44982.8,1,0.25,15.88,1
2022-05-22 00:15:45.595,0.000,0.000,0.000,0.00,0.00,0.00,0.00,0.00,0.00,0.00,0.00,0.000,0,061237.60,4000.00065734,N,11619.59560423,E,1,12,1.1,39.6722,M,-9.2908,M,,*47,1,6483.9,-29513.9,44142.5,7785.3,-29672.0,43676.8,7192.8,-29496.7,44088.4,7922.6,-29080.3,44133.1,1,0.25,15.88,1
2022-05-22 00:15:45.798,0.000,0.000,0.000,0.00,0.00,0.00,0.00,0.00,0.00,0.00,0.00,0.000,0,061237.80,4000.00067492,N,11619.59556127,E,1,12,1.1,39.6471,M,-9.2908,M,,*45,1,7077.7,-29256.9,44375.7,7450.5,-29422.7,43908.2,6861.4,-29239.9,44320.1,7594.2,-28845.3,44376.6,1,0.25,15.88,1
2022-05-22 00:15:45.986,0.000,0.000,0.000,0.00,0.00,0.00,0.00,0.00,0.00,0.00,0.00,0.000,0,061238.00,4000.00069623,N,11619.59552517,E,1,12,1.1,39.6235,M,-9.2908,M,,*41,1,6740.4,-29080.2,44727.8,5795.9,-29277.9,44260.8,5201.0,-29052.2,44670.1,5954.3,-28706.5,44751.7,1,0.25,15.88,1
