2022-05-22 00:18:15.595,0.000,0.000,0.000,0.00,0.00,0.00,0.00,0.00,0.00,0.00,0.00,0.000,0,061507.60,4000.00094604,N,11619.59419020,E,1,13,1.3,43.5568,M,-9.2909,M,,*47,1,7020.4,-29947.2,44509.0,6765.3,-30091.0,43950.6,6197.3,-29808.2,44332.0,7084.8,-29653.3,44337.4,1,0.25,15.87,1
2022-05-22 00:18:15.798,0.000,0.000,0.000,0.00,0.00,0.00,0.00,0.00,0.00,0.00,0.00,0.000,0,061507.80,4000.00095783,N,11619.59420387,E,1,13,1.3,43.5249,M,-9.2909,M,,*46,1,6140.4,-29123.7,44886.0,7898.5,-29267.1,44332.8,7337.1,-29006.3,44704.3,8199.0,-28834.4,44707.6,1,0.25,15.87,1
2022-05-22 00:18:16.001,0.000,0.000,0.000,0.00,0.00,0.00,0.00,0.00,0.00,0.00,0.00,0.000,0,061508.00,4000.00076112,N,11619.59380871,E,1,11,1.3,41.8269,M,-9.2909,M,,*42,1,7285.0,-29250.8,44961.7,6833.3,-29403.7,44407.7,6265.2,-29119.3,44785.3,7137.4,-28960.2,44795.4,1,0.25,15.87,1
2022-05-22 00:18:16.189,0.000,0.000,0.000,0.00,0.00,0.00,0.00,0.00,0.00,0.00,0.00,0.000,0,061508.20,4000.00079836,N,11619.59359008,E,1,11,1.3,40.3008,M,-9.2909,M,,*4D,1,6209.4,-28943.3,45032.3,7742.5,-29091.8,44481.2,7180.6,-28826.8,44851.6,8044.4,-28653.4,44856.9,1,0.25,15.87,1
2022-05-22 00:18:16.392,0.000,0.000,0.000,0.00,0.00,0.00,0.00,0.00,0.00,0.00,0.00,0.000,0,061508.40,4000.00083896,N,11619.59347285,E,1,11,1.3,39.2016,M,-9.2909,M,,*4C,1,7128.0,-29400.4,44731.2,7752.2,-29541.4,44175.2,7189.4,-29279.4,44550.6,8051.6,-29102.9,44556.6,1,0.25,15.87,1
2022-05-22 00:18:16.595,0.000,0.000,0.000,0.00,0.00,0.00,0.00,0.00,0.00,0.00,0.00,0.000,0,061508.60,4000.00085321,N,11619.59336907,E,1,11,1.3,38.3945,M,-9.2909,M,,*47,1,7135.5,-29268.0,44875.9,7320.7,-29416.3,44321.1,6755.7,-29143.5,44698.0,7623.5,-28973.1,44705.0,1,0.25,15.88,1
2022-05-22 00:18:16.782,0.000,0.000,0.000,0.00,0.00,0.00,0.00,0.00,0.00,0.00,0.00,0.000,0,061508.80,4000.00114780,N,11619.59393996,E,1,13,1.3,41.0100,M,-9.2909,M,,*4E,1,6700.7,-27728.9,45694.8,8218.3,-27889.8,45153.5,7658.2,-27629.6,45514.4,8515.3,-27449.7,45518.9,1,0.25,15.88,1
2022-05-22 00:18:17.001,0.000,0.000,0.000,0.00,0.00,0.00,0.00,0.00,0.00,0.00,0.00,0.000,0,061509.00,4000.00110811,N,11619.59403701,E,1,13,1.3,42.1496,M,-9.2909,M,,*42,1,7610.8,-27172.7,45920.8,8819.4,-27336.2,45384.7,8264.5,-27088.5,45739.2,9120.1,-26887.9,45748.9,1,0.25,15.88,1
2022-05-22 00:18:17.189,0.000,0.000,0.000,0.00,0.00,0.00,0.00,0.00,0.00,0.00,0.00,0.000,0,061509.20,4000.00105925,N,11619.59410085,E,1,13,1.3,42.6803,M,-9.2909,M,,*4C,1,8218.7,-26235.1,46576.5,8040.4,-26424.1,46051.8,7483.2,-26156.0,46401.2,8337.9,-25965.3,46421.6,1,0.25,15.88,1
2022-05-22 00:18:17.393,0.000,0.000,0.000,0.00,0.00,0.00,0.00,0.00,0.00,0.00,0.00,0.000,0,061509.40,4000.00100811,N,11619.59412800,E,1,13,1.3,42.9150,M,-9.2909,M,,*4E,1,7435.2,-26381.4,46735.8,6150.5,-26591.1,46211.9,5582.8,-26285.8,46568.5,6443.3,-26125.4,46605.5,1,0.25,15.88,1
2022-05-22 00:18:17.596,0.000,0.000,0.000,0.00,0.00,0.00,0.00,0.00,0.00,0.00,0.00,0.000,0,061509.60,4000.00099075,N,11619.59413958,E,1,12,1.3,43.0123,M,-9.2909,M,,*47,1,5525.1,-28421.3,45693.2,4385.2,-28621.2,45149.8,3805.9,-28288.0,45526.0,4672.5,-28153.3,45577.4,1,0.24,15.87,1
2022-05-22 00:18:17.783,0.000,0.000,0.000,0.00,0.00,0.00,0.00,0.00,0.00,0.00,0.00,0.000,0,061509.80,4000.00095522,N,11619.59411494,E,1,12,1.3,43.0638,M,-9.2909,M,,*40,1,3736.4,-29899.9,44823.3,3038.0,-30092.1,44264.3,2452.2,-29736.5,44655.7,3318.0,-29641.9,44704.8,1,0.24,15.87,1
2022-05-22 00:18:17.986,0.000,0.000,0.000,0.00,0.00,0.00,0.00,0.00,0.00,0.00,0.00,0.000,0,061510.00,4000.00088538,N,11619.59410686,E,1,12,1.3,43.0873,M,-9.2909,M,,*46,1,2373.1,-28971.7,45451.2,1630.3,-29190.3,44902.2,1035.7,-28801.4,45290.0,1920.2,-28731.5,45349.0,1,0.24,15.87,1
2022-05-22 00:18:18.189,0.000,0.000,0.000,0.00,0.00,0.00,0.00,0.00,0.00,0.00,0.00,0.000,0,061510.20,4000.00081858,N,11619.59410478,E,1,12,1.3,43.0828,M,-9.2909,M,,*4B,1,954.0,-27196.3,46472.3,3063.5,-27427.9,45938.4,2476.1,-27063.8,46304.1,3358.1,-26966.8,46362.7,1,0.24,15.87,1
2022-05-22 00:18:18.392,0.000,0.000,0.000,0.00,0.00,0.00,0.00,0.00,0.00,0.00,0.00,0.000,0,061510.40,4000.00079349,N,11619.59409143,E,1,12,1.3,43.0780,M,-9.2909,M,,*49,1,2403.1,-27708.2,46005.4,5361.6,-27909.1,45464.0,4784.4,-27598.5,45822.0,5599.0,-27453.3,45881.0,1,0.24,15.87,1
2022-05-22 00:18:18.591,0.000,0.000,0.000,0.00,0.00,0.00,0.00,0.00,0.00,0.00,0.00,0.000,0,061510.60,4000.00075929,N,11619.59404228,E,1,12,1.3,43.0492,M,-9.2909,M,,*48,1,4718.5,-28605.5,45577.2,3890.7,-28806.9,45027.1,3303.1,-28469.1,45396.9,4100.6,-28355.4,45460.0,1,0.25,15.88,1
2022-05-22 00:18:18.794,0.000,0.000,0.000,0.00,0.00,0.00,0.00,0.00,0.00,0.00,0.00,0.000,0,061510.80,4000.00063650,N,11619.59415560,E,1,11,1.2,43.3075,M,-9.2909,M,,*47,1,3229.4,-28030.1,45978.4,2970.3,-28252.0,45433.4,2376.5,-27889.9,45801.8,3257.6,-27802.2,45858.4,1,0.25,15.88,1
2022-05-22 00:18:18.997,0.000,0.000,0.000,0.00,0.00,0.00,0.00,0.00,0.00,0.00,0.00,0.000,0,061511.00,4000.00053371,N,11619.59424987,E,1,11,1.2,43.5304,M,-9.2909,M,,*4F,1,2304.3,-28222.4,45821.9,3753.6,-28433.9,45274.2,3162.7,-28087.6,45638.0,4020.7,-27972.5,45705.9,1,0.25,15.88,1
2022-05-22 00:18:19.200,0.000,0.000,0.000,0.00,0.00,0.00,0.00,0.00,0.00,0.00,0.00,0.000,0,061511.20,4000.00048072,N,11619.59424521,E,1,11,1.2,43.6748,M,-9.2909,M,,*48,1,3096.0,-30193.1,44646.1,1245.6,-30398.4,44079.8,642.1,-30004.8,44470.1,1531.3,-29950.1,44537.8,1,0.25,15.88,1
2022-05-22 00:18:19.388,0.000,0.000,0.000,0.00,0.00,0.00,0.00,0.00,0.00,0.00,0.00,0.000,0,061511.40,4000.00044562,N,11619.59424604,E,1,12,1.3,43.7199,M,-9.2909,M,,*4B,1,564.2,-31037.8,44065.5,411.5,-31237.7,43490.7,-197.3,-30829.0,43892.8,699.1,-30798.1,43953.7,1,0.25,15.88,1
2022-05-22 00:18:19.591,0.000,0.000,0.000,0.00,0.00,0.00,0.00,0.00,0.00,0.00,0.00,0.000,0,061511.60,4000.00038627,N,11619.59428909,E,1,11,1.2,43.8040,M,-9.2909,M,,*46,1,-278.6,-30063.1,44718.5,1652.0,-30269.3,44150.0,1047.4,-29882.4,44540.7,1930.3,-29833.5,44594.7,1,0.25,15.88,1
2022-05-22 00:18:19.794,0.000,0.000,0.000,0.00,0.00,0.00,0.00,0.00,0.00,0.00,0.00,0.000,0,061511.80,4000.00032453,N,11619.59435051,E,1,11,1.2,43.9933,M,-9.2908,M,,*46,1,972.3,-29526.8,45035.0,2773.4,-29734.6,44466.1,2174.5,-29370.8,44850.0,3058.1,-29299.9,44901.0,1,0.25,15.88,1
2022-05-22 00:18:19.998,0.000,0.000,0.000,0.00,0.00,0.00,0.00,0.00,0.00,0.00,0.00,0.000,0,061512.00,4000.00028358,N,11619.59440868,E,1,11,1.2,44.1437,M,-9.2908,M,,*4C,1,2103.2,-29681.5,44822.3,4640.7,-29870.5,44242.3,4052.7,-29549.6,44619.8,4911.0,-29436.8,44672.5,1,0.25,15.88,1
2022-05-22 00:18:20.185,0.000,0.000,0.000,0.00,0.00,0.00,0.00,0.00,0.00,0.00,0.00,0.000,0,061512.20,4000.00029961,N,11619.59437341,E,1,12,1.1,44.0836,M,-9.2908,M,,*43,1,3984.9,-28445.9,45674.1,3695.8,-28660.9,45100.0,3100.5,-28316.8,45471.1,3974.4,-28228.6,45531.6,1,0.25,15.88,1
2022-05-22 00:18:20.388,0.000,0.000,0.000,0.00,0.00,0.00,0.00,0.00,0.00,0.00,0.00,0.000,0,061512.40,4000.00040313,N,11619.59431098,E,1,12,1.1,43.8385,M,-9.2909,M,,*49,1,3029.9,-27270.0,46430.2,3055.7,-27505.9,45857.5,2458.5,-27143.9,46219.7,3354.9,-27075.8,46283.6,1,0.25,15.95,1
2022-05-22 00:18:20.591,0.000,0.000,0.000,0.00,0.00,0.00,0.00,0.00,0.00,0.00,0.00,0.000,0,061512.60,4000.00051912,N,11619.59427336,E,1,12,1.1,43.6190,M,-9.2909,M,,*48,1,2389.7,-28907.4,45397.0,4450.6,-29078.0,44805.3,3858.0,-28748.5,45171.2,4741.1,-28654.7,45222.9,1,0.25,15.95,1
2022-05-22 00:18:20.794,0.000,0.000,0.000,0.00,0.00,0.00,0.00,0.00,0.00,0.00,0.00,0.000,0,061512.80,4000.00061331,N,11619.59418691,E,1,12,1.1,43.4278,M,-9.2909,M,,*4D,1,3798.1,-31075.1,44007.9,4183.8,-31194.5,43409.8,3590.4,-30864.2,43795.0,4485.3,-30791.6,43814.9,1,0.25,15.95,1
2022-05-22 00:18:20.997,0.000,0.000,0.000,0.00,0.00,0.00,0.00,0.00,0.00,0.00,0.00,0.000,0,061513.00,4000.00065578,N,11619.59412860,E,1,12,1.1,43.2394,M,-9.2909,M,,*44,1,3529.0,-31430.6,43731.5,4633.6,-31533.0,43142.6,4042.4,-31210.7,43529.6,4935.4,-31130.5,43533.3,1,0.25,15.95,1
2022-05-22 00:18:21.200,0.000,0.000,0.000,0.00,0.00,0.00,0.00,0.00,0.00,0.00,0.00,0.000,0,061513.20,4000.00068134,N,11619.59406281,E,1,12,1.1,43.0939,M,-9.2909,M,,*48,1,3982.8,-30380.0,44479.0,4391.2,-30497.2,43903.2,3798.4,-30164.7,44278.2,4695.0,-30088.7,44286.6,1,0.25,15.95,1
2022-05-22 00:18:21.388,0.000,0.000,0.000,0.00,0.00,0.00,0.00,0.00,0.00,0.00,0.00,0.000,0,061513.40,4000.00073243,N,11619.59397664,E,1,12,1.1,42.9662,M,-9.2909,M,,*4E,1,3739.9,-29520.4,44986.2,5086.6,-29639.9,44416.6,4496.6,-29317.6,44778.0,5398.1,-29231.7,44786.3,1,0.25,15.95,1
2022-05-22 00:18:21.602,0.000,0.000,0.000,0.00,0.00,0.00,0.00,0.00,0.00,0.00,0.00,0.000,0,061513.60,4000.00077723,N,11619.59393462,E,1,12,1.1,42.8682,M,-9.2909,M,,*44,1,4445.5,-28840.6,45026.7,8141.5,-28940.5,44458.0,7566.3,-28677.3,44801.6,8449.9,-28536.1,44798.7,1,0.25,15.86,1
2022-05-22 00:18:21.789,0.000,0.000,0.000,0.00,0.00,0.00,0.00,0.00,0.00,0.00,0.00,0.000,0,061513.80,4000.00077685,N,11619.59385077,E,1,12,1.1,42.7896,M,-9.2909,M,,*44,1,7533.0,-27954.3,45781.5,6592.2,-28086.0,45213.3,6009.8,-27788.5,45556.4,6898.1,-27679.4,45570.6,1,0.25,15.86,1
2022-05-22 00:18:21.995,0.000,0.000,0.000,0.00,0.00,0.00,0.00,0.00,0.00,0.00,0.00,0.000,0,061514.00,4000.00080742,N,11619.59379414,E,1,12,1.1,42.7359,M,-9.2909,M,,*43,1,5968.2,-28587.1,45563.5,4938.3,-28728.9,44992.2,4349.3,-28398.0,45353.7,5266.1,-28305.9,45374.9,1,0.25,15.86,1
2022-05-22 00:18:22.197,0.000,0.000,0.000,0.00,0.00,0.00,0.00,0.00,0.00,0.00,0.00,0.000,0,061514.20,4000.00082992,N,11619.59372675,E,1,12,1.1,42.6620,M,-9.2909,M,,*44,1,4298.3,-29293.5,45113.8,4868.1,-29427.8,44540.8,4282.3,-29099.1,44910.1,5143.4,-29015.9,44927.7,1,0.25,15.86,1
2022-05-22 00:18:22.400,0.000,0.000,0.000,0.00,0.00,0.00,0.00,0.00,0.00,0.00,0.00,0.000,0,061514.40,4000.00085664,N,11619.59362197,E,1,12,1.1,42.6154,M,-9.2909,M,,*4D,1,4225.6,-30606.6,44377.5,2742.6,-30739.1,43799.6,2145.6,-30373.0,44185.7,3031.6,-30327.8,44207.9,1,0.25,15.86,1
2022-05-22 00:18:22.588,0.000,0.000,0.000,0.00,0.00,0.00,0.00,0.00,0.00,0.00,0.00,0.000,0,061514.60,4000.00087810,N,11619.59358418,E,1,12,1.1,42.5457,M,-9.2909,M,,*4E,1,2078.0,-31215.3,43827.6,4671.5,-31323.2,43243.5,4085.4,-30994.7,43622.2,4964.4,-30920.7,43628.4,1,0.24,15.87,1
2022-05-22 00:18:22.791,0.000,0.000,0.000,0.00,0.00,0.00,0.00,0.00,0.00,0.00,0.00,0.000,0,061514.80,4000.00088662,N,11619.59358729,E,1,12,1.1,42.4772,M,-9.2909,M,,*40,1,4028.9,-29259.4,44802.3,7546.8,-29374.3,44225.3,6970.7,-29098.8,44572.7,7752.4,-28987.1,44587.8,1,0.24,15.87,1
2022-05-22 00:18:22.994,0.000,0.000,0.000,0.00,0.00,0.00,0.00,0.00,0.00,0.00,0.00,0.000,0,061515.00,4000.00092293,N,11619.59354789,E,1,12,1.1,42.4759,M,-9.2909,M,,*47,1,6932.3,-29828.1,44617.3,6058.4,-29951.1,44033.1,5476.7,-29649.2,44392.5,6301.2,-29556.0,44414.0,1,0.24,15.87,1
2022-05-22 00:18:23.189,0.000,0.000,0.000,0.00,0.00,0.00,0.00,0.00,0.00,0.00,0.00,0.000,0,061515.20,4000.00097373,N,11619.59355842,E,1,13,1.1,42.4620,M,-9.2909,M,,*48,1,5427.7,-32200.8,43135.3,4142.9,-32306.4,42533.7,3554.1,-31976.7,42921.3,4461.5,-31907.0,42942.9,1,0.24,15.87,1
2022-05-22 00:18:23.393,0.000,0.000,0.000,0.00,0.00,0.00,0.00,0.00,0.00,0.00,0.00,0.000,0,061515.40,4000.00090752,N,11619.59359958,E,1,11,1.2,42.5141,M,-9.2909,M,,*48,1,3491.2,-32567.9,42887.5,3544.0,-32681.3,42274.3,2952.6,-32342.6,42665.9,3839.3,-32294.6,42690.9,1,0.24,15.87,1
2022-05-22 00:18:23.596,0.000,0.000,0.000,0.00,0.00,0.00,0.00,0.00,0.00,0.00,0.00,0.000,0,061515.60,4000.00086905,N,11619.59356352,E,1,12,1.3,42.5133,M,-9.2909,M,,*49,1,2884.0,-30847.9,44146.5,2640.6,-31015.0,43543.7,2042.9,-30653.9,43925.1,2933.8,-30616.1,43973.7,1,0.24,15.87,1
2022-05-22 00:18:23.783,0.000,0.000,0.000,0.00,0.00,0.00,0.00,0.00,0.00,0.00,0.00,0.000,0,061515.80,4000.00085300,N,11619.59359963,E,1,11,1.2,42.5689,M,-9.2909,M,,*48,1,1971.0,-30670.9,44247.7,2629.9,-30852.7,43650.1,2034.0,-30494.8,44031.8,2920.6,-30438.1,44094.7,1,0.24,15.87,1
2022-05-22 00:18:23.986,0.000,0.000,0.000,0.00,0.00,0.00,0.00,0.00,0.00,0.00,0.00,0.000,0,061516.00,4000.00093761,N,11619.59355438,E,1,12,1.1,42.4881,M,-9.2909,M,,*4F,1,1958.7,-30341.1,44386.6,3843.8,-30527.1,43801.1,3258.5,-30195.3,44178.4,4137.8,-30111.0,44233.3,1,0.24,15.87,1
2022-05-22 00:18:24.189,0.000,0.000,0.000,0.00,0.00,0.00,0.00,0.00,0.00,0.00,0.00,0.000,0,061516.20,4000.00088353,N,11619.59361593,E,1,11,1.2,42.5810,M,-9.2909,M,,*4C,1,3181.2,-28585.7,45523.9,3840.3,-28793.5,44966.6,3254.0,-28453.8,45332.5,4133.2,-28360.9,45390.9,1,0.24,15.87,1
2022-05-22 00:18:24.392,0.000,0.000,0.000,0.00,0.00,0.00,0.00,0.00,0.00,0.00,0.00,0.000,0,061516.40,4000.00086180,N,11619.59368823,E,1,11,1.2,42.6415,M,-9.2909,M,,*4D,1,3180.0,-28356.0,45631.1,4431.1,-28558.8,45076.9,3851.0,-28230.4,45440.5,4725.6,-28115.5,45502.6,1,0.24,15.87,1
2022-05-22 00:18:24.591,0.000,0.000,0.000,0.00,0.00,0.00,0.00,0.00,0.00,0.00,0.00,0.000,0,061516.60,4000.00086917,N,11619.59372654,E,1,11,1.2,42.6265,M,-9.2909,M,,*4D,1,3779.7,-29423.1,45000.1,3852.6,-29614.8,44436.6,3271.0,-29277.0,44811.9,4129.6,-29170.0,44877.5,1,0.24,15.86,1
2022-05-22 00:18:24.791,0.000,0.000,0.000,0.00,0.00,0.00,0.00,0.00,0.00,0.00,0.00,0.000,0,061516.80,4000.00085812,N,11619.59376016,E,1,11,1.2,42.6612,M,-9.2909,M,,*44,1,3195.8,-29343.1,45126.7,2165.4,-29554.1,44564.2,1576.4,-29178.4,44948.4,2475.3,-29107.2,45016.3,1,0.24,15.86,1
2022-05-22 00:18:24.994,0.000,0.000,0.000,0.00,0.00,0.00,0.00,0.00,0.00,0.00,0.00,0.000,0,061517.00,4000.00082616,N,11619.59378609,E,1,11,1.2,42.7007,M,-9.2909,M,,*45,1,1495.5,-27648.3,46176.5,2082.9,-27887.3,45631.9,1491.5,-27502.0,46005.0,2377.4,-27431.7,46077.5,1,0.24,15.86,1
2022-05-22 00:18:25.198,0.000,0.000,0.000,0.00,0.00,0.00,0.00,0.00,0.00,0.00,0.00,0.000,0,061517.20,4000.00084623,N,11619.59377869,E,1,11,1.2,42.7322,M,-9.2909,M,,*44,1,1415.5,-28276.6,45800.6,2062.0,-28506.5,45251.4,1470.1,-28123.7,45631.4,2331.4,-28039.5,45709.5,1,0.24,15.86,1
2022-05-22 00:18:25.385,0.000,0.000,0.000,0.00,0.00,0.00,0.00,0.00,0.00,0.00,0.00,0.000,0,061517.40,4000.00086240,N,11619.59377687,E,1,11,1.2,42.7295,M,-9.2909,M,,*42,1,1393.3,-28829.5,45446.9,2310.2,-29053.1,44890.6,1719.7,-28676.7,45276.8,2575.1,-28595.3,45344.9,1,0.25,15.96,1
2022-05-22 00:18:25.589,0.000,0.000,0.000,0.00,0.00,0.00,0.00,0.00,0.00,0.00,0.00,0.000,0,061517.60,4000.00083249,N,11619.59381440,E,1,11,1.2,42.7720,M,-9.2909,M,,*47,1,1643.1,-27529.1,46229.2,2602.8,-27767.3,45694.1,2008.5,-27390.3,46065.2,2834.5,-27307.3,46129.7,1,0.25,15.96,1
2022-05-22 00:18:25.792,0.000,0.000,0.000,0.00,0.00,0.00,0.00,0.00,0.00,0.00,0.00,0.000,0,061517.80,4000.00082686,N,11619.59383853,E,1,11,1.2,42.8047,M,-9.2909,M,,*4A,1,1940.0,-27727.4,46085.5,3260.3,-27954.4,45549.8,2670.9,-27592.8,45918.7,3524.2,-27484.7,45985.3,1,0.25,15.96,1
2022-05-22 00:18:25.995,0.000,0.000,0.000,0.00,0.00,0.00,0.00,0.00,0.00,0.00,0.00,0.000,0,061518.00,4000.00086011,N,11619.59385261,E,1,11,1.2,42.8144,M,-9.2909,M,,*4E,1,2605.5,-29182.4,45173.4,3521.2,-29384.9,44622.6,2932.8,-29034.2,45002.8,3780.9,-28920.0,45065.9,1,0.25,15.96,1
2022-05-22 00:18:26.198,0.000,0.000,0.000,0.00,0.00,0.00,0.00,0.00,0.00,0.00,0.00,0.000,0,061518.20,4000.00100099,N,11619.59377061,E,1,12,1.1,42.6958,M,-9.2909,M,,*47,1,2865.4,-29576.0,44965.3,2502.8,-29781.9,44413.0,1906.3,-29410.5,44797.7,2782.7,-29325.7,44855.0,1,0.25,15.96,1
2022-05-22 00:18:26.401,0.000,0.000,0.000,0.00,0.00,0.00,0.00,0.00,0.00,0.00,0.00,0.000,0,061518.40,4000.00102356,N,11619.59374527,E,1,11,1.2,42.6468,M,-9.2909,M,,*49,1,1836.1,-28305.4,45780.9,2091.4,-28530.5,45244.2,1487.5,-28146.9,45617.2,2396.1,-28068.0,45677.0,1,0.25,15.96,1
2022-05-22 00:18:26.588,0.000,0.000,0.000,0.00,0.00,0.00,0.00,0.00,0.00,0.00,0.00,0.000,0,061518.60,4000.00112802,N,11619.59367902,E,1,12,1.1,42.5059,M,-9.2909,M,,*4C,1,1420.4,-28501.8,45625.0,3033.8,-28714.5,45086.1,2434.6,-28353.9,45456.8,3319.1,-28247.1,45516.4,1,0.24,15.85,1
2022-05-22 00:18:26.791,0.000,0.000,0.000,0.00,0.00,0.00,0.00,0.00,0.00,0.00,0.00,0.000,0,061518.80,4000.00113878,N,11619.59367716,E,1,11,1.2,42.4865,M,-9.2909,M,,*43,1,2368.7,-28639.2,45507.2,3642.7,-28843.2,44966.8,3043.7,-28497.7,45336.4,3911.3,-28375.1,45393.8,1,0.24,15.85,1
2022-05-22 00:18:26.994,0.000,0.000,0.000,0.00,0.00,0.00,0.00,0.00,0.00,0.00,0.00,0.000,0,061519.00,4000.00112035,N,11619.59372326,E,1,11,1.2,42.5335,M,-9.2909,M,,*46,1,2978.9,-27451.2,46210.6,3961.9,-27668.3,45685.1,3362.2,-27325.3,46039.9,4233.6,-27208.9,46088.1,1,0.24,15.85,1
2022-05-22 00:18:27.197,0.000,0.000,0.000,0.00,0.00,0.00,0.00,0.00,0.00,0.00,0.00,0.000,0,061519.20,4000.00110283,N,11619.59375664,E,1,11,1.2,42.5432,M,-9.2909,M,,*4D,1,3300.2,-27270.2,46334.6,3781.3,-27488.9,45810.2,3181.6,-27142.1,46165.8,4053.1,-27022.2,46219.5,1,0.24,15.85,1
2022-05-22 00:18:27.385,0.000,0.000,0.000,0.00,0.00,0.00,0.00,0.00,0.00,0.00,0.00,0.000,0,061519.40,4000.00112125,N,11619.59379649,E,1,11,1.2,42.5835,M,-9.2909,M,,*4E,1,3118.6,-28713.6,45453.1,4011.5,-28910.5,44914.9,3412.8,-28572.4,45281.6,4273.1,-28442.2,45332.8,1,0.24,15.85,1
2022-05-22 00:18:27.599,0.000,0.000,0.000,0.00,0.00,0.00,0.00,0.00,0.00,0.00,0.00,0.000,0,061519.60,4000.00113438,N,11619.59383469,E,1,11,1.2,42.6335,M,-9.2909,M,,*49,1,3349.0,-29131.0,45229.6,3483.6,-29327.6,44689.8,2881.7,-28978.6,45059.2,3745.7,-28869.1,45104.5,1,0.24,15.85,1
2022-05-22 00:18:27.786,0.000,0.000,0.000,0.00,0.00,0.00,0.00,0.00,0.00,0.00,0.00,0.000,0,061519.80,4000.00112462,N,11619.59386299,E,1,11,1.2,42.6835,M,-9.2909,M,,*4E,1,2815.2,-28228.4,45851.4,2290.7,-28446.6,45324.4,1682.3,-28068.3,45688.7,2594.7,-27983.9,45736.7,1,0.24,15.85,1
2022-05-22 00:18:27.989,0.000,0.000,0.000,0.00,0.00,0.00,0.00,0.00,0.00,0.00,0.00,0.000,0,061520.00,4000.00113666,N,11619.59389318,E,1,11,1.2,42.7473,M,-9.2909,M,,*43,1,1614.3,-28756.0,45485.0,3405.8,-28953.8,44954.4,2804.1,-28602.2,45318.4,3695.1,-28490.1,45362.0,1,0.24,15.85,1
2022-05-22 00:18:28.192,0.000,0.000,0.000,0.00,0.00,0.00,0.00,0.00,0.00,0.00,0.00,0.000,0,061520.20,4000.00116325,N,11619.59391049,E,1,11,1.2,42.7701,M,-9.2909,M,,*4E,1,2738.0,-29724.7,44797.7,4519.9,-29896.5,44257.3,3925.7,-29571.9,44626.7,4791.4,-29439.3,44660.1,1,0.24,15.85,1
2022-05-22 00:18:28.395,0.000,0.000,0.000,0.00,0.00,0.00,0.00,0.00,0.00,0.00,0.00,0.000,0,061520.40,4000.00116188,N,11619.59396506,E,1,11,1.2,42.8300,M,-9.2909,M,,*4E,1,3860.0,-28853.0,45274.7,5517.7,-29024.2,44744.0,4927.2,-28713.4,45102.4,5801.6,-28574.8,45120.6,1,0.24,15.85,1
2022-05-22 00:18:28.586,0.000,0.000,0.000,0.00,0.00,0.00,0.00,0.00,0.00,0.00,0.00,0.000,0,061520.60,4000.00115860,N,11619.59400210,E,1,11,1.2,42.8648,M,-9.2909,M,,*41,1,4869.2,-28183.0,45641.5,6068.8,-28353.1,45116.1,5482.0,-28049.4,45466.3,6345.2,-27908.7,45481.7,1,0.24,15.85,1
2022-05-22 00:18:28.789,0.000,0.000,0.000,0.00,0.00,0.00,0.00,0.00,0.00,0.00,0.00,0.000,0,061520.80,4000.00118232,N,11619.59403017,E,1,11,1.2,42.9603,M,-9.2909,M,,*47,1,5429.0,-29579.5,44825.9,5501.6,-29732.4,44286.0,4913.3,-29420.4,44649.9,5764.1,-29281.2,44673.5,1,0.24,15.85,1
2022-05-22 00:18:28.992,0.000,0.000,0.000,0.00,0.00,0.00,0.00,0.00,0.00,0.00,0.00,0.000,0,061521.00,4000.00116444,N,11619.59406217,E,1,11,1.2,43.0004,M,-9.2909,M,,*49,1,4855.5,-28640.4,45487.6,4926.4,-28808.7,44955.2,4333.7,-28478.3,45308.4,5246.2,-28367.5,45324.5,1,0.24,15.85,1
2022-05-22 00:18:29.195,0.000,0.000,0.000,0.00,0.00,0.00,0.00,0.00,0.00,0.00,0.00,0.000,0,061521.20,4000.00113791,N,11619.59407845,E,1,12,1.2,43.0068,M,-9.2909,M,,*40,1,4279.0,-28282.1,45747.0,4596.2,-28456.9,45215.3,4002.4,-28120.1,45566.6,4913.7,-28004.1,45597.9,1,0.24,15.85,1
2022-05-22 00:18:29.398,0.000,0.000,0.000,0.00,0.00,0.00,0.00,0.00,0.00,0.00,0.00,0.000,0,061521.40,4000.00114558,N,11619.59405746,E,1,12,1.2,43.0679,M,-9.2909,M,,*4E,1,3946.4,-28655.0,45529.9,4525.7,-28824.5,44993.8,3929.7,-28487.4,45350.4,4834.1,-28374.6,45380.1,1,0.24,15.85,1
2022-05-22 00:18:29.585,0.000,0.000,0.000,0.00,0.00,0.00,0.00,0.00,0.00,0.00,0.00,0.000,0,061521.60,4000.00112386,N,11619.59400124,E,1,11,1.2,43.0983,M,-9.2909,M,,*41,1,3873.1,-28648.1,45635.9,2954.3,-28832.1,45100.0,2349.3,-28461.7,45463.3,3257.4,-28381.8,45496.6,1,0.24,15.84,1
2022-05-22 00:18:29.788,0.000,0.000,0.000,0.00,0.00,0.00,0.00,0.00,0.00,0.00,0.00,0.000,0,061521.80,4000.00111406,N,11619.59393499,E,1,11,1.2,43.1252,M,-9.2909,M,,*4B,1,2287.2,-28627.3,45689.9,1854.9,-28820.3,45154.8,1243.0,-28427.4,45525.7,2151.3,-28370.2,45561.3,1,0.24,15.84,1
2022-05-22 00:18:29.991,0.000,0.000,0.000,0.00,0.00,0.00,0.00,0.00,0.00,0.00,0.00,0.000,0,061522.00,4000.00112545,N,11619.59387868,E,1,11,1.2,43.1665,M,-9.2909,M,,*42,1,1178.0,-29422.2,45080.9,4136.1,-29588.3,44533.7,3537.8,-29243.8,44915.0,4433.3,-29138.1,44929.4,1,0.24,15.84,1
2022-05-22 00:18:30.194,0.000,0.000,0.000,0.00,0.00,0.00,0.00,0.00,0.00,0.00,0.00,0.000,0,061522.20,4000.00111480,N,11619.59385809,E,1,11,1.2,43.1766,M,-9.2909,M,,*4C,1,3481.8,-28835.1,44995.9,8083.5,-28974.7,44452.2,7511.9,-28710.2,44817.7,8311.8,-28536.8,44824.4,1,0.24,15.84,1
2022-05-22 00:18:30.397,0.000,0.000,0.000,0.00,0.00,0.00,0.00,0.00,0.00,0.00,0.00,0.000,0,061522.40,4000.00108996,N,11619.59380185,E,1,11,1.2,43.1853,M,-9.2909,M,,*49,1,7469.4,-28377.0,45568.6,5904.0,-28545.3,45034.7,5322.6,-28231.4,45398.6,6049.0,-28104.7,45426.4,1,0.25,15.96,1
2022-05-22 00:18:30.595,0.000,0.000,0.000,0.00,0.00,0.00,0.00,0.00,0.00,0.00,0.00,0.000,0,061522.60,4000.00109159,N,11619.59381326,E,1,11,1.2,43.2172,M,-9.2909,M,,*42,1,5271.1,-28925.2,45399.8,3874.5,-29107.3,44864.2,3282.7,-28753.3,45237.4,4188.3,-28655.9,45260.0,1,0.25,15.96,1
2022-05-22 00:18:30.783,0.000,0.000,0.000,0.00,0.00,0.00,0.00,0.00,0.00,0.00,0.00,0.000,0,061522.80,4000.00108015,N,11619.59381283,E,1,11,1.2,43.2212,M,-9.2909,M,,*4F,1,3222.6,-29959.1,44760.7,3190.1,-30134.0,44216.1,2595.0,-29774.1,44601.1,3482.7,-29684.1,44630.9,1,0.25,15.96,1
2022-05-22 00:18:30.986,0.000,0.000,0.000,0.00,0.00,0.00,0.00,0.00,0.00,0.00,0.00,0.000,0,061523.00,4000.00105436,N,11619.59374607,E,1,11,1.3,43.1303,M,-9.2909,M,,*4F,1,2526.1,-30294.5,44579.0,1836.7,-30478.9,44035.6,1235.0,-30091.9,44426.7,2122.1,-30027.2,44460.6,1,0.25,15.96,1
2022-05-22 00:18:31.189,0.000,0.000,0.000,0.00,0.00,0.00,0.00,0.00,0.00,0.00,0.00,0.000,0,061523.20,4000.00099278,N,11619.59373077,E,1,12,1.2,43.0685,M,-9.2909,M,,*4B,1,1160.1,-28316.6,45839.4,1952.3,-28530.1,45313.6,1350.7,-28136.4,45690.1,2245.8,-28071.6,45724.9,1,0.25,15.96,1
2022-05-22 00:18:31.392,0.000,0.000,0.000,0.00,0.00,0.00,0.00,0.00,0.00,0.00,0.00,0.000,0,061523.40,4000.00094347,N,11619.59369086,E,1,11,1.2,42.9454,M,-9.2909,M,,*4D,1,1281.3,-27121.7,46460.8,3865.2,-27336.7,45943.7,3274.0,-26982.4,46306.8,4156.8,-26868.4,46343.8,1,0.25,15.97,1
2022-05-22 00:18:31.595,0.000,0.000,0.000,0.00,0.00,0.00,0.00,0.00,0.00,0.00,0.00,0.000,0,061523.60,4000.00091193,N,11619.59363551,E,1,11,1.2,42.8331,M,-9.2909,M,,*41,1,3211.6,-27455.9,46178.4,4895.7,-27658.9,45653.9,4314.0,-27334.1,46016.7,5139.9,-27190.7,46062.0,1,0.25,15.97,1
2022-05-22 00:18:31.798,0.000,0.000,0.000,0.00,0.00,0.00,0.00,0.00,0.00,0.00,0.00,0.000,0,061523.80,4000.00085283,N,11619.59360577,E,1,11,1.2,42.7138,M,-9.2909,M,,*4B,1,4247.8,-26999.5,46443.5,4745.2,-27212.8,45920.4,4167.7,-26887.1,46278.5,5060.7,-26742.6,46326.7,1,0.25,15.97,1
2022-05-22 00:18:32.001,0.000,0.000,0.000,0.00,0.00,0.00,0.00,0.00,0.00,0.00,0.00,0.000,0,061524.00,4000.00083530,N,11619.59357270,E,1,11,1.2,42.5563,M,-9.2909,M,,*41,1,4097.4,-26721.7,46544.0,5289.4,-26932.9,46020.8,4717.4,-26622.3,46367.6,5592.0,-26477.2,46418.8,1,0.25,15.97,1
2022-05-22 00:18:32.189,0.000,0.000,0.000,0.00,0.00,0.00,0.00,0.00,0.00,0.00,0.00,0.000,0,061524.20,4000.00090064,N,11619.59347907,E,1,12,1.1,42.3404,M,-9.2909,M,,*49,1,4646.2,-29043.2,45220.7,4344.2,-29226.9,44673.5,3764.6,-28905.5,45037.7,4609.2,-28778.5,45098.5,1,0.25,15.97,1
2022-05-22 00:18:32.392,0.000,0.000,0.000,0.00,0.00,0.00,0.00,0.00,0.00,0.00,0.00,0.000,0,061524.40,4000.00095377,N,11619.59339949,E,1,12,1.1,42.1016,M,-9.2909,M,,*4D,1,3686.7,-30902.4,44043.0,3436.7,-31066.7,43480.6,2854.1,-30731.3,43859.4,3762.0,-30628.9,43911.2,1,0.25,15.96,1
2022-05-22 00:18:32.595,0.000,0.000,0.000,0.00,0.00,0.00,0.00,0.00,0.00,0.00,0.00,0.000,0,061524.60,4000.00095040,N,11619.59335941,E,1,12,1.1,41.8858,M,-9.2909,M,,*44,1,2771.4,-29934.3,44650.0,4093.5,-30106.1,44099.6,3512.6,-29778.7,44465.5,4408.0,-29670.9,44512.4,1,0.25,15.96,1
2022-05-22 00:18:32.798,0.000,0.000,0.000,0.00,0.00,0.00,0.00,0.00,0.00,0.00,0.00,0.000,0,061524.80,4000.00086285,N,11619.59339291,E,1,11,1.2,41.8494,M,-9.2909,M,,*45,1,3435.1,-29482.9,44786.1,5816.6,-29646.4,44242.2,5245.2,-29354.6,44595.6,6140.8,-29209.0,44636.0,1,0.25,15.96,1
2022-05-22 00:18:32.985,0.000,0.000,0.000,0.00,0.00,0.00,0.00,0.00,0.00,0.00,0.00,0.000,0,061525.00,4000.00080208,N,11619.59338070,E,1,12,1.2,41.7667,M,-9.2909,M,,*41,1,5175.7,-30112.6,44319.5,6203.6,-30263.7,43774.0,5631.3,-29982.9,44127.8,6492.3,-29827.7,44172.8,1,0.25,15.96,1
2022-05-22 00:18:33.188,0.000,0.000,0.000,0.00,0.00,0.00,0.00,0.00,0.00,0.00,0.00,0.000,0,061525.20,4000.00080313,N,11619.59332699,E,1,12,1.1,41.5823,M,-9.2909,M,,*4C,1,5562.5,-29570.5,44875.7,3939.2,-29757.2,44337.7,3357.2,-29423.8,44692.1,4268.4,-29308.8,44750.2,1,0.25,15.96,1
2022-05-22 00:18:33.391,0.000,0.000,0.000,0.00,0.00,0.00,0.00,0.00,0.00,0.00,0.00,0.000,0,061525.40,4000.00070259,N,11619.59338538,E,1,11,1.2,41.5211,M,-9.2909,M,,*43,1,3281.1,-28131.7,45776.8,3901.8,-28342.8,45252.5,3318.9,-28002.0,45592.0,4220.4,-27891.2,45658.7,1,0.25,15.96,1
2022-05-22 00:18:33.589,0.000,0.000,0.000,0.00,0.00,0.00,0.00,0.00,0.00,0.00,0.00,0.000,0,061525.60,4000.00063618,N,11619.59338502,E,1,11,1.2,41.4757,M,-9.2909,M,,*4D,1,3247.2,-29045.7,45270.2,2627.0,-29256.6,44733.0,2038.0,-28888.4,45082.8,2929.1,-28797.7,45167.1,1,0.24,15.84,1
2022-05-22 00:18:33.792,0.000,0.000,0.000,0.00,0.00,0.00,0.00,0.00,0.00,0.00,0.00,0.000,0,061525.80,4000.00058588,N,11619.59339373,E,1,11,1.2,41.4316,M,-9.2909,M,,*41,1,1963.5,-30427.1,44395.1,1053.1,-30634.2,43841.6,459.5,-30232.9,44212.0,1382.0,-30184.6,44295.3,1,0.24,15.84,1
2022-05-22 00:18:33.980,0.000,0.000,0.000,0.00,0.00,0.00,0.00,0.00,0.00,0.00,0.00,0.000,0,061526.00,4000.00048695,N,11619.59344033,E,1,11,1.2,41.3675,M,-9.2909,M,,*4E,1,380.1,-29412.2,45032.4,2652.5,-29623.0,44488.1,2063.9,-29248.5,44846.4,2973.4,-29176.7,44916.4,1,0.24,15.84,1
2022-05-22 00:18:34.198,0.000,0.000,0.000,0.00,0.00,0.00,0.00,0.00,0.00,0.00,0.00,0.000,0,061526.20,4000.00041270,N,11619.59345366,E,1,12,1.2,41.3426,M,-9.2909,M,,*4F,1,1994.7,-29038.9,45195.7,4103.2,-29247.7,44648.9,3524.2,-28902.4,45001.6,4430.0,-28800.6,45068.3,1,0.24,15.84,1
2022-05-22 00:18:34.390,0.000,0.000,0.000,0.00,0.00,0.00,0.00,0.00,0.00,0.00,0.00,0.000,0,061526.40,4000.00042649,N,11619.59340731,E,1,13,1.1,41.2295,M,-9.2909,M,,*4A,1,3460.4,-29768.8,44622.9,5470.4,-29952.8,44056.5,4897.2,-29641.1,44411.3,5787.3,-29517.4,44471.3,1,0.24,15.84,1
2022-05-22 00:18:34.593,0.000,0.000,0.000,0.00,0.00,0.00,0.00,0.00,0.00,0.00,0.00,0.000,0,061526.60,4000.00047573,N,11619.59332791,E,1,13,1.1,41.0421,M,-9.2909,M,,*43,1,4837.8,-30582.6,44244.9,3631.3,-30765.1,43658.1,3049.8,-30416.1,44027.1,3939.1,-30339.6,44094.2,1,0.24,15.84,1
2022-05-22 00:18:34.796,0.000,0.000,0.000,0.00,0.00,0.00,0.00,0.00,0.00,0.00,0.00,0.000,0,061526.80,4000.00049838,N,11619.59329811,E,1,12,1.1,40.8999,M,-9.2909,M,,*4A,1,2982.4,-29705.1,44896.1,2752.9,-29902.7,44309.1,2167.5,-29528.8,44675.7,3069.2,-29482.6,44742.0,1,0.24,15.84,1
2022-05-22 00:18:34.984,0.000,0.000,0.000,0.00,0.00,0.00,0.00,0.00,0.00,0.00,0.00,0.000,0,061527.00,4000.00049985,N,11619.59328683,E,1,11,1.2,40.7988,M,-9.2909,M,,*4F,1,2100.2,-30254.3,44582.5,2003.8,-30432.0,43991.4,1414.6,-30043.7,44368.6,2289.6,-30006.0,44437.7,1,0.24,15.84,1
2022-05-22 00:18:35.187,0.000,0.000,0.000,0.00,0.00,0.00,0.00,0.00,0.00,0.00,0.00,0.000,0,061527.20,4000.00055240,N,11619.59323799,E,1,12,1.1,40.6487,M,-9.2909,M,,*40,1,1343.9,-30801.0,44237.0,903.3,-30969.5,43645.7,309.3,-30560.2,44033.6,1210.9,-30550.6,44092.9,1,0.24,15.84,1
2022-05-22 00:18:35.396,0.000,0.000,0.000,0.00,0.00,0.00,0.00,0.00,0.00,0.00,0.00,0.000,0,061527.40,4000.00057182,N,11619.59322388,E,1,12,1.1,40.5147,M,-9.2909,M,,*46,1,233.5,-30051.5,44739.5,1640.7,-30223.2,44156.6,1047.9,-29824.6,44536.1,1949.8,-29801.8,44590.7,1,0.24,15.84,1
2022-05-22 00:18:35.599,0.000,0.000,0.000,0.00,0.00,0.00,0.00,0.00,0.00,0.00,0.00,0.000,0,061527.60,4000.00059851,N,11619.59319898,E,1,12,1.1,40.3934,M,-9.2909,M,,*45,1,977.9,-29304.6,45205.0,2404.7,-29481.5,44627.7,1815.4,-29093.8,44999.5,2718.7,-29054.1,45051.9,1,0.24,15.84,1
2022-05-22 00:18:35.787,0.000,0.000,0.000,0.00,0.00,0.00,0.00,0.00,0.00,0.00,0.00,0.000,0,061527.80,4000.00054564,N,11619.59319707,E,1,11,1.2,40.3809,M,-9.2909,M,,*4B,1,1751.4,-29052.1,45349.8,2835.0,-29227.5,44777.7,2248.6,-28849.0,45143.3,3149.8,-28802.9,45193.2,1,0.24,15.84,1
2022-05-22 00:18:35.989,0.000,0.000,0.000,0.00,0.00,0.00,0.00,0.00,0.00,0.00,0.00,0.000,0,061528.00,4000.00061669,N,11619.59309407,E,1,12,1.1,40.2589,M,-9.2909,M,,*42,1,2185.6,-30192.3,44642.4,1535.7,-30357.8,44069.4,942.3,-29957.9,44449.2,1845.6,-29932.1,44499.0,1,0.24,15.84,1
2022-05-22 00:18:36.193,0.000,0.000,0.000,0.00,0.00,0.00,0.00,0.00,0.00,0.00,0.00,0.000,0,061528.20,4000.00068487,N,11619.59303513,E,1,12,1.1,40.1130,M,-9.2909,M,,*40,1,871.8,-30566.8,44322.7,3387.4,-30712.1,43751.5,2802.0,-30349.1,44122.4,3705.7,-30285.4,44158.8,1,0.24,15.84,1
2022-05-22 00:18:36.396,0.000,0.000,0.000,0.00,0.00,0.00,0.00,0.00,0.00,0.00,0.00,0.000,0,061528.40,4000.00072785,N,11619.59298415,E,1,12,1.1,39.9711,M,-9.2909,M,,*4B,1,2741.7,-29446.6,44861.3,5880.5,-29589.0,44301.1,5299.5,-29274.2,44646.8,6145.3,-29172.4,44677.0,1,0.24,15.84,1
2022-05-22 00:18:36.594,0.000,0.000,0.000,0.00,0.00,0.00,0.00,0.00,0.00,0.00,0.00,0.000,0,061528.60,4000.00076327,N,11619.59292474,E,1,12,1.1,39.8914,M,-9.2909,M,,*46,1,5253.6,-29389.3,45093.6,3619.4,-29555.3,44536.8,3024.5,-29194.1,44886.1,3917.5,-29128.4,44927.6,1,0.24,15.84,1
2022-05-22 00:18:36.797,0.000,0.000,0.000,0.00,0.00,0.00,0.00,0.00,0.00,0.00,0.00,0.000,0,061528.80,4000.00079973,N,11619.59290549,E,1,12,1.1,39.8080,M,-9.2909,M,,*45,1,2967.8,-29966.6,44791.7,1955.6,-30138.1,44232.4,1346.6,-29745.5,44593.3,2262.9,-29698.2,44645.5,1,0.24,15.84,1
2022-05-22 00:18:36.985,0.000,0.000,0.000,0.00,0.00,0.00,0.00,0.00,0.00,0.00,0.00,0.000,0,061529.00,4000.00081645,N,11619.59286713,E,1,12,1.1,39.6971,M,-9.2909,M,,*42,1,1282.3,-29074.9,45380.3,1337.7,-29267.3,44826.5,717.9,-28860.7,45180.6,1626.1,-28835.7,45232.4,1,0.24,15.84,1
2022-05-22 00:18:37.188,0.000,0.000,0.000,0.00,0.00,0.00,0.00,0.00,0.00,0.00,0.00,0.000,0,061529.20,4000.00084258,N,11619.59282407,E,1,12,1.1,39.6220,M,-9.2909,M,,*40,1,654.7,-29439.0,45152.7,985.9,-29628.5,44595.8,361.9,-29219.1,44950.6,1272.8,-29188.3,45011.4,1,0.24,15.84,1
2022-05-22 00:18:37.391,0.000,0.000,0.000,0.00,0.00,0.00,0.00,0.00,0.00,0.00,0.00,0.000,0,061529.40,4000.00086506,N,11619.59283602,E,1,12,1.1,39.5539,M,-9.2909,M,,*42,1,296.8,-29009.5,45403.2,2427.6,-29195.5,44846.1,1802.2,-28817.0,45193.1,2712.8,-28765.0,45241.0,1,0.24,15.84,1
2022-05-22 00:18:37.594,0.000,0.000,0.000,0.00,0.00,0.00,0.00,0.00,0.00,0.00,0.00,0.000,0,061529.60,4000.00087520,N,11619.59283744,E,1,12,1.1,39.5055,M,-9.2909,M,,*49,1,1746.3,-29190.5,45249.4,3368.1,-29366.1,44687.7,2743.9,-29010.8,45037.3,3651.0,-28935.9,45078.5,1,0.24,15.84,1
2022-05-22 00:18:37.797,0.000,0.000,0.000,0.00,0.00,0.00,0.00,0.00,0.00,0.00,0.00,0.000,0,061529.80,4000.00089200,N,11619.59284317,E,1,12,1.1,39.4688,M,-9.2909,M,,*4E,1,2692.2,-29468.6,45028.0,4053.7,-29635.0,44461.2,3431.5,-29295.9,44814.1,4332.2,-29206.1,44849.9,1,0.24,15.84,1
2022-05-22 00:18:37.984,0.000,0.000,0.000,0.00,0.00,0.00,0.00,0.00,0.00,0.00,0.00,0.000,0,061530.00,4000.00091827,N,11619.59285612,E,1,12,1.1,39.4461,M,-9.2909,M,,*4C,1,3382.3,-29975.9,44699.2,3924.8,-30138.8,44127.2,3302.5,-29800.7,44484.4,4192.9,-29713.2,44522.4,1,0.24,15.84,1
2022-05-22 00:18:38.187,0.000,0.000,0.000,0.00,0.00,0.00,0.00,0.00,0.00,0.00,0.00,0.000,0,061530.20,4000.00094988,N,11619.59287674,E,1,12,1.1,39.4165,M,-9.2909,M,,*4C,1,3250.7,-30509.0,44413.4,2054.6,-30688.2,43841.3,1425.6,-30311.3,44205.0,2333.0,-30261.5,44253.8,1,0.24,15.84,1
2022-05-22 00:18:38.391,0.000,0.000,0.000,0.00,0.00,0.00,0.00,0.00,0.00,0.00,0.00,0.000,0,061530.40,4000.00096922,N,11619.59291637,E,1,12,1.1,39.3966,M,-9.2909,M,,*44,1,1364.4,-30314.0,44540.6,1657.0,-30508.3,43973.6,1024.6,-30121.1,44336.6,1944.4,-30071.3,44392.2,1,0.24,15.84,1
2022-05-22 00:18:38.593,0.000,0.000,0.000,0.00,0.00,0.00,0.00,0.00,0.00,0.00,0.00,0.000,0,061530.60,4000.00098029,N,11619.59293666,E,1,12,1.1,39.3629,M,-9.2909,M,,*48,1,963.4,-28975.4,45391.2,2118.3,-29191.6,44842.1,1486.6,-28810.7,45190.8,2394.5,-28754.5,45245.6,1,0.24,15.84,1
2022-05-22 00:18:38.797,0.000,0.000,0.000,0.00,0.00,0.00,0.00,0.00,0.00,0.00,0.00,0.000,0,061530.80,4000.00100030,N,11619.59293572,E,1,12,1.1,39.3685,M,-9.2909,M,,*4E,1,1427.6,-29353.8,45152.7,1357.6,-29571.5,44605.1,724.4,-29177.1,44958.6,1647.7,-29118.9,45025.4,1,0.24,15.84,1
2022-05-22 00:18:38.984,0.000,0.000,0.000,0.00,0.00,0.00,0.00,0.00,0.00,0.00,0.00,0.000,0,061531.00,4000.00103040,N,11619.59295813,E,1,12,1.1,39.3531,M,-9.2909,M,,*43,1,660.8,-29392.0,45093.3,2702.3,-29594.8,44546.5,2071.2,-29231.1,44898.4,2996.3,-29150.3,44948.5,1,0.24,15.84,1
2022-05-22 00:18:39.188,0.000,0.000,0.000,0.00,0.00,0.00,0.00,0.00,0.00,0.00,0.00,0.000,0,061531.20,4000.00105632,N,11619.59296530,E,1,12,1.1,39.3313,M,-9.2909,M,,*4D,1,2013.5,-29556.9,44943.8,3592.4,-29745.8,44399.0,2965.5,-29404.4,44747.9,3875.1,-29299.2,44794.0,1,0.24,15.84,1
2022-05-22 00:18:39.391,0.000,0.000,0.000,0.00,0.00,0.00,0.00,0.00,0.00,0.00,0.00,0.000,0,061531.40,4000.00107498,N,11619.59297458,E,1,13,1.1,39.3575,M,-9.2909,M,,*42,1,2907.6,-28594.4,45539.9,3869.4,-28790.7,45005.9,3244.5,-28454.4,45344.9,4160.8,-28350.3,45386.4,1,0.24,15.84,1
2022-05-22 00:18:39.589,0.000,0.000,0.000,0.00,0.00,0.00,0.00,0.00,0.00,0.00,0.00,0.000,0,061531.60,4000.00109836,N,11619.59300332,E,1,13,1.1,39.3395,M,-9.2909,M,,*4A,1,3186.1,-28773.8,45406.3,4212.3,-28963.0,44868.7,3591.2,-28635.0,45210.6,4509.4,-28523.0,45249.0,1,0.24,15.83,1
2022-05-22 00:18:39.792,0.000,0.000,0.000,0.00,0.00,0.00,0.00,0.00,0.00,0.00,0.00,0.000,0,061531.80,4000.00114075,N,11619.59302882,E,1,12,1.1,39.3347,M,-9.2909,M,,*4B,1,3533.1,-30221.0,44431.4,4658.8,-30383.2,43878.9,4040.3,-30069.1,44233.9,4942.4,-29943.7,44271.0,1,0.24,15.83,1
2022-05-22 00:18:39.995,0.000,0.000,0.000,0.00,0.00,0.00,0.00,0.00,0.00,0.00,0.00,0.000,0,061532.00,4000.00114676,N,11619.59306962,E,1,11,1.2,39.3786,M,-9.2909,M,,*47,1,3983.4,-31142.0,43841.8,4124.8,-31297.3,43280.9,3505.8,-30973.9,43644.4,4416.4,-30868.1,43674.3,1,0.24,15.83,1
2022-05-22 00:18:40.198,0.000,0.000,0.000,0.00,0.00,0.00,0.00,0.00,0.00,0.00,0.00,0.000,0,061532.20,4000.00105285,N,11619.59314578,E,1,11,1.2,39.4823,M,-9.2909,M,,*4E,1,3444.9,-29194.8,45185.9,3516.7,-29384.7,44645.8,2894.9,-29040.1,44992.3,3818.7,-28949.4,45030.1,1,0.24,15.83,1
2022-05-22 00:18:40.385,0.000,0.000,0.000,0.00,0.00,0.00,0.00,0.00,0.00,0.00,0.00,0.000,0,061532.40,4000.00099284,N,11619.59320631,E,1,11,1.2,39.5660,M,-9.2909,M,,*4C,1,2833.3,-27776.4,46062.3,3585.6,-27984.8,45534.3,2965.8,-27638.7,45869.6,3885.4,-27536.8,45918.7,1,0.24,15.83,1
2022-05-22 00:18:40.588,0.000,0.000,0.000,0.00,0.00,0.00,0.00,0.00,0.00,0.00,0.00,0.000,0,061532.60,4000.00097363,N,11619.59324467,E,1,11,1.2,39.6663,M,-9.2909,M,,*4D,1,2904.7,-28658.3,45511.9,3815.8,-28851.2,44975.0,3199.0,-28514.9,45316.3,4103.2,-28398.7,45369.7,1,0.24,15.84,1
2022-05-22 00:18:40.791,0.000,0.000,0.000,0.00,0.00,0.00,0.00,0.00,0.00,0.00,0.00,0.000,0,061532.80,4000.00095204,N,11619.59327473,E,1,11,1.2,39.7667,M,-9.2909,M,,*42,1,3135.4,-29928.2,44692.7,3863.3,-30101.4,44146.7,3248.2,-29772.4,44494.4,4149.3,-29660.3,44542.1,1,0.24,15.84,1
2022-05-22 00:18:41.010,0.000,0.000,0.000,0.00,0.00,0.00,0.00,0.00,0.00,0.00,0.00,0.000,0,061533.00,4000.00090933,N,11619.59333100,E,1,11,1.2,39.8720,M,-9.2909,M,,*48,1,3180.2,-29531.0,44967.1,3681.1,-29712.8,44424.4,3063.7,-29379.1,44769.9,3978.2,-29276.3,44813.1,1,0.24,15.84,1
2022-05-22 00:18:41.197,0.000,0.000,0.000,0.00,0.00,0.00,0.00,0.00,0.00,0.00,0.00,0.000,0,061533.20,4000.00086244,N,11619.59339418,E,1,11,1.2,39.9667,M,-9.2909,M,,*43,1,2995.1,-27948.2,45914.8,4414.5,-28144.6,45384.5,3799.5,-27821.2,45719.5,4677.6,-27710.1,45760.6,1,0.24,15.84,1
2022-05-22 00:18:41.400,0.000,0.000,0.000,0.00,0.00,0.00,0.00,0.00,0.00,0.00,0.00,0.000,0,061533.40,4000.00084325,N,11619.59343644,E,1,11,1.2,40.0779,M,-9.2909,M,,*4E,1,3736.1,-28898.3,45365.9,3953.9,-29085.4,44824.4,3338.3,-28754.6,45172.3,4233.7,-28640.7,45219.6,1,0.25,15.97,1
2022-05-22 00:18:41.588,0.000,0.000,0.000,0.00,0.00,0.00,0.00,0.00,0.00,0.00,0.00,0.000,0,061533.60,4000.00094017,N,11619.59342522,E,1,12,1.1,40.0984,M,-9.2909,M,,*41,1,3273.1,-30530.7,44294.9,4015.1,-30693.4,43736.5,3399.1,-30368.8,44099.3,4292.2,-30256.3,44140.3,1,0.25,15.97,1
2022-05-22 00:18:41.791,0.000,0.000,0.000,0.00,0.00,0.00,0.00,0.00,0.00,0.00,0.00,0.000,0,061533.80,4000.00100147,N,11619.59341485,E,1,12,1.1,40.0970,M,-9.2909,M,,*43,1,3332.9,-30637.1,44295.0,2616.6,-30812.3,43737.8,1994.0,-30455.8,44104.0,2913.4,-30378.5,44147.0,1,0.25,15.97,1
2022-05-22 00:18:41.994,0.000,0.000,0.000,0.00,0.00,0.00,0.00,0.00,0.00,0.00,0.00,0.000,0,061534.00,4000.00102762,N,11619.59342869,E,1,12,1.1,40.1469,M,-9.2909,M,,*46,1,1923.2,-29018.7,45363.6,2475.7,-29220.6,44817.4,1849.9,-28853.8,45174.0,2775.4,-28779.7,45221.7,1,0.25,15.97,1
2022-05-22 00:18:42.197,0.000,0.000,0.000,0.00,0.00,0.00,0.00,0.00,0.00,0.00,0.00,0.000,0,061534.20,4000.00108207,N,11619.59340948,E,1,12,1.1,40.1596,M,-9.2909,M,,*49,1,1783.4,-28714.3,45544.8,2836.5,-28918.4,44995.3,2210.6,-28558.8,45352.0,3124.8,-28472.9,45403.6,1,0.25,15.97,1
2022-05-22 00:18:42.392,0.000,0.000,0.000,0.00,0.00,0.00,0.00,0.00,0.00,0.00,0.00,0.000,0,061534.40,4000.00115343,N,11619.59337353,E,1,12,1.1,40.1882,M,-9.2909,M,,*4A,1,2146.3,-29410.9,45128.5,2127.8,-29610.9,44573.5,1496.2,-29239.3,44937.4,2409.0,-29161.7,44995.0,1,0.24,15.96,1
2022-05-22 00:18:42.593,0.000,0.000,0.000,0.00,0.00,0.00,0.00,0.00,0.00,0.00,0.00,0.000,0,061534.60,4000.00121182,N,11619.59336173,E,1,12,1.1,40.1721,M,-9.2909,M,,*47,1,1428.3,-29118.7,45326.3,1616.1,-29332.7,44775.6,980.7,-28949.6,45130.8,1895.6,-28886.2,45191.6,1,0.24,15.96,1
2022-05-22 00:18:42.796,0.000,0.000,0.000,0.00,0.00,0.00,0.00,0.00,0.00,0.00,0.00,0.000,0,061534.80,4000.00115071,N,11619.59341853,E,1,11,1.2,40.2951,M,-9.2909,M,,*42,1,909.0,-27051.6,46580.2,1419.6,-27299.1,46054.5,785.0,-26904.4,46391.3,1676.4,-26843.6,46461.2,1,0.24,15.96,1
2022-05-22 00:18:42.983,0.000,0.000,0.000,0.00,0.00,0.00,0.00,0.00,0.00,0.00,0.00,0.000,0,061535.00,4000.00113776,N,11619.59347816,E,1,11,1.2,40.4316,M,-9.2909,M,,*45,1,714.9,-27357.6,46410.3,1114.4,-27602.4,45881.3,483.9,-27202.3,46226.3,1385.6,-27142.1,46299.5,1,0.24,15.96,1
2022-05-22 00:18:43.191,0.000,0.000,0.000,0.00,0.00,0.00,0.00,0.00,0.00,0.00,0.00,0.000,0,061535.20,4000.00125264,N,11619.59348926,E,1,12,1.1,40.4490,M,-9.2909,M,,*40,1,412.4,-29876.8,44853.1,1249.7,-30082.5,44298.7,621.7,-29693.4,44667.4,1505.5,-29628.3,44735.1,1,0.24,15.96,1
2022-05-22 00:18:43.394,0.000,0.000,0.000,0.00,0.00,0.00,0.00,0.00,0.00,0.00,0.00,0.000,0,061535.40,4000.00134162,N,11619.59349190,E,1,12,1.1,40.4726,M,-9.2909,M,,*49,1,548.4,-31270.7,43910.3,654.8,-31459.7,43344.8,31.4,-31065.3,43724.2,930.2,-31028.7,43778.9,1,0.24,15.96,1
2022-05-22 00:18:43.598,0.000,0.000,0.000,0.00,0.00,0.00,0.00,0.00,0.00,0.00,0.00,0.000,0,061535.60,4000.00136490,N,11619.59350418,E,1,12,1.1,40.5468,M,-9.2909,M,,*44,1,-50.5,-29901.9,44843.4,497.5,-30107.2,44286.7,-122.5,-29706.7,44664.4,787.2,-29675.0,44720.8,1,0.24,15.83,1
2022-05-22 00:18:43.785,0.000,0.000,0.000,0.00,0.00,0.00,0.00,0.00,0.00,0.00,0.00,0.000,0,061535.80,4000.00141964,N,11619.59350034,E,1,12,1.1,40.5591,M,-9.2909,M,,*41,1,-206.0,-29545.2,45078.4,1386.6,-29747.3,44515.3,779.0,-29366.8,44894.3,1680.5,-29313.1,44951.1,1,0.24,15.83,1
2022-05-22 00:18:43.988,0.000,0.000,0.000,0.00,0.00,0.00,0.00,0.00,0.00,0.00,0.00,0.000,0,061536.00,4000.00138946,N,11619.59352445,E,1,11,1.2,40.6654,M,-9.2909,M,,*4D,1,693.3,-30021.4,44747.9,2310.5,-30209.3,44174.8,1714.1,-29850.7,44561.9,2606.3,-29777.5,44612.7,1,0.24,15.83,1
2022-05-22 00:18:44.191,0.000,0.000,0.000,0.00,0.00,0.00,0.00,0.00,0.00,0.00,0.00,0.000,0,061536.20,4000.00133856,N,11619.59357249,E,1,11,1.2,40.8343,M,-9.2909,M,,*46,1,1626.1,-30448.1,44454.4,2470.7,-30635.2,43875.1,1879.0,-30277.6,44269.1,2769.7,-30201.5,44317.4,1,0.24,15.83,1
2022-05-22 00:18:44.394,0.000,0.000,0.000,0.00,0.00,0.00,0.00,0.00,0.00,0.00,0.00,0.000,0,061536.40,4000.00128244,N,11619.59366801,E,1,11,1.2,40.9379,M,-9.2909,M,,*4F,1,1792.0,-29532.0,44783.5,6113.4,-29706.9,44213.2,5543.0,-29419.3,44585.8,6407.7,-29276.3,44617.5,1,0.24,15.83,1
2022-05-22 00:18:44.597,0.000,0.000,0.000,0.00,0.00,0.00,0.00,0.00,0.00,0.00,0.00,0.000,0,061536.60,4000.00122834,N,11619.59371447,E,1,11,1.2,41.0677,M,-9.2909,M,,*41,1,5471.9,-29238.4,44946.4,6286.8,-29418.2,44382.2,5718.1,-29131.7,44756.3,6583.9,-28983.7,44785.3,1,0.24,15.83,1
2022-05-22 00:18:44.791,0.000,0.000,0.000,0.00,0.00,0.00,0.00,0.00,0.00,0.00,0.00,0.000,0,061536.80,4000.00118315,N,11619.59377427,E,1,11,1.2,41.2024,M,-9.2909,M,,*4C,1,5649.7,-29881.1,44395.4,7238.2,-30038.6,43826.3,6673.0,-29775.6,44202.4,7542.6,-29601.5,44227.8,1,0.24,15.83,1
2022-05-22 00:18:44.979,0.000,0.000,0.000,0.00,0.00,0.00,0.00,0.00,0.00,0.00,0.00,0.000,0,061537.00,4000.00113911,N,11619.59382663,E,1,11,1.2,41.2877,M,-9.2909,M,,*46,1,6609.0,-29598.8,44433.4,8177.1,-29750.9,43864.8,7617.9,-29507.5,44236.9,8486.7,-29322.7,44252.2,1,0.24,15.83,1
2022-05-22 00:18:45.185,0.000,0.000,0.000,0.00,0.00,0.00,0.00,0.00,0.00,0.00,0.00,0.000,0,061537.20,4000.00110310,N,11619.59385822,E,1,11,1.2,41.3845,M,-9.2909,M,,*40,1,7557.2,-29832.9,44307.0,7991.7,-29979.5,43734.7,7431.3,-29734.4,44112.4,8303.4,-29549.6,44128.3,1,0.24,15.83,1
2022-05-22 00:18:45.388,0.000,0.000,0.000,0.00,0.00,0.00,0.00,0.00,0.00,0.00,0.00,0.000,0,061537.40,4000.00108789,N,11619.59388051,E,1,11,1.2,41.4819,M,-9.2909,M,,*44,1,7368.4,-29836.7,44315.7,7909.7,-29982.0,43742.0,7348.2,-29735.4,44125.7,8218.3,-29553.8,44137.1,1,0.24,15.83,1
2022-05-22 00:18:45.593,0.000,0.000,0.000,0.00,0.00,0.00,0.00,0.00,0.00,0.00,0.00,0.000,0,061537.60,4000.00111335,N,11619.59387947,E,1,12,1.1,41.5140,M,-9.2909,M,,*48,1,7284.4,-29930.8,44302.6,7618.4,-30075.7,43730.5,7051.1,-29821.0,44117.8,7929.5,-29645.3,44125.3,1,0.24,15.83,1
2022-05-22 00:18:45.796,0.000,0.000,0.000,0.00,0.00,0.00,0.00,0.00,0.00,0.00,0.00,0.000,0,061537.80,4000.00107781,N,11619.59392970,E,1,11,1.2,41.6192,M,-9.2909,M,,*46,1,6989.7,-29082.6,44608.2,9117.4,-29225.8,44042.6,8559.4,-28999.5,44418.2,9407.0,-28802.2,44420.7,1,0.24,15.83,1
2022-05-22 00:18:45.983,0.000,0.000,0.000,0.00,0.00,0.00,0.00,0.00,0.00,0.00,0.00,0.000,0,061538.00,4000.00106105,N,11619.59394040,E,1,11,1.2,41.7201,M,-9.2909,M,,*4E,1,8505.6,-29518.3,44345.8,9017.7,-29653.0,43777.8,8457.4,-29426.8,44156.8,9314.6,-29227.4,44159.3,1,0.24,15.83,1
2022-05-22 00:18:46.187,0.000,0.000,0.000,0.00,0.00,0.00,0.00,0.00,0.00,0.00,0.00,0.000,0,061538.20,4000.00103532,N,11619.59396081,E,1,11,1.2,41.8233,M,-9.2909,M,,*48,1,8403.6,-29515.8,44371.7,8877.2,-29651.6,43802.4,8316.1,-29423.1,44182.7,9178.9,-29228.7,44181.2,1,0.24,15.83,1
2022-05-22 00:18:46.390,0.000,0.000,0.000,0.00,0.00,0.00,0.00,0.00,0.00,0.00,0.00,0.000,0,061538.40,4000.00108705,N,11619.59392908,E,1,12,1.1,41.7769,M,-9.2909,M,,*4A,1,8261.3,-30273.0,43913.6,8579.3,-30399.1,43338.3,8017.7,-30169.4,43723.9,8882.2,-29975.5,43727.0,1,0.24,15.83,1
